DB 0 MOTIF	CGTACGTR	MEME-1
 -96.5	0
 -95.5	1
 -94.5	2
 -93.5	0.333333
 -92.5	1
 -91.5	0
 -90.5	0
 -89.5	0.5
 -88.5	1
 -87.5	1
 -86.5	0
 -85.5	1.7
 -84.5	1
 -83.5	0.2
 -82.5	1.33333
 -81.5	1.7
 -80.5	2.5
 -79.5	1.53333
 -78.5	1.5
 -77.5	1.03333
 -76.5	0.5
 -75.5	0.833333
 -74.5	1.5
 -73.5	1.5
 -72.5	1
 -71.5	0
 -70.5	1
 -69.5	0
 -68.5	0
 -67.5	0.5
 -66.5	1
 -65.5	0.5
 -64.5	2
 -63.5	0
 -62.5	0
 -61.5	0
 -60.5	0
 -59.5	0
 -58.5	1
 -57.5	3
 -56.5	1.83333
 -55.5	3
 -54.5	1.33333
 -53.5	0
 -52.5	4.83333
 -51.5	0.333333
 -50.5	1.5
 -49.5	1.33333
 -48.5	2
 -47.5	0
 -46.5	0
 -45.5	0
 -44.5	2
 -43.5	1.16667
 -42.5	0
 -41.5	1.16667
 -40.5	0.75
 -39.5	2.16667
 -38.5	3.75
 -37.5	0.166667
 -36.5	1.75
 -35.5	1.16667
 -34.5	0.25
 -33.5	0.166667
 -32.5	1.2
 -31.5	2.33333
 -30.5	1.2
 -29.5	1
 -28.5	0.4
 -27.5	1
 -26.5	1.4
 -25.5	0
 -24.5	0.9
 -23.5	1
 -22.5	1.7
 -21.5	0
 -20.5	0.2
 -19.5	2.5
 -18.5	0.333333
 -17.5	0
 -16.5	2
 -15.5	1.5
 -14.5	1.5
 -13.5	2.5
 -12.5	1.5
 -11.5	0
 -10.5	2
  -9.5	1.5
  -8.5	0.5
  -7.5	0.75
  -6.5	0
  -5.5	2.58333
  -4.5	0
  -3.5	27.2833
  -2.5	0.2
  -1.5	24.5833
  -0.5	0.533333
   0.5	0.666667
   1.5	25.5333
   2.5	1.33333
   3.5	21.4
   4.5	0
   5.5	3.73333
   6.5	0
   7.5	0.866667
   8.5	1
   9.5	1.53333
  10.5	0
  11.5	1.53333
  12.5	0
  13.5	1
  14.5	1
  15.5	1
  16.5	0
  17.5	1
  18.5	0
  19.5	1
  20.5	0
  21.5	0
  22.5	1
  23.5	1.45
  24.5	1
  25.5	1.7
  26.5	2.33333
  27.5	3.5
  28.5	1.66667
  29.5	0.5
  30.5	1.66667
  31.5	0.75
  32.5	0.833333
  33.5	2.5
  34.5	0.5
  35.5	1.5
  36.5	0
  37.5	1
  38.5	0
  39.5	0
  40.5	0.1
  41.5	1
  42.5	1.1
  43.5	2
  44.5	0.1
  45.5	0
  46.5	0.1
  47.5	0
  48.5	0.1
  49.5	3.5
  50.5	2
  51.5	1
  52.5	0
  53.5	1
  54.5	0
  55.5	0
  56.5	1
  57.5	0
  58.5	1
  59.5	0
  60.5	1
  61.5	1
  62.5	1
  63.5	0
  64.5	0.5
  65.5	0
  66.5	0.5
  67.5	0
  68.5	0
  69.5	1.1
  70.5	0
  71.5	1.1
  72.5	1.2
  73.5	0.1
  74.5	0.2
  75.5	0.1
  76.5	0.833333
  77.5	2.1
  78.5	1.83333
  79.5	0.5
  80.5	0
  81.5	0
  82.5	1
  83.5	2
  84.5	0.5
  85.5	3
  86.5	2.5
  87.5	0
  88.5	0
  89.5	0
  90.5	1.33333
  91.5	1
  92.5	1.33333
  93.5	2.5
  94.5	2.33333
  95.5	2.5
  96.5	0
DB 1 MOTIF	1-GCGCCGCC	STREME-1
 -96.5	2
 -95.5	1
 -94.5	4
 -93.5	1
 -92.5	2
 -91.5	2
 -90.5	0
 -89.5	3
 -88.5	0
 -87.5	2
 -86.5	2
 -85.5	2
 -84.5	1
 -83.5	2
 -82.5	3
 -81.5	2
 -80.5	2
 -79.5	1
 -78.5	1
 -77.5	1
 -76.5	4
 -75.5	4
 -74.5	6
 -73.5	1
 -72.5	0
 -71.5	2
 -70.5	1
 -69.5	2
 -68.5	3
 -67.5	1
 -66.5	3
 -65.5	1
 -64.5	1
 -63.5	5
 -62.5	1
 -61.5	1.33333
 -60.5	1
 -59.5	1
 -58.5	1.33333
 -57.5	2
 -56.5	1
 -55.5	0.333333
 -54.5	3
 -53.5	3.5
 -52.5	2
 -51.5	3
 -50.5	1.5
 -49.5	1
 -48.5	1
 -47.5	1
 -46.5	2
 -45.5	0
 -44.5	6
 -43.5	2
 -42.5	1
 -41.5	1.5
 -40.5	5
 -39.5	1
 -38.5	2.5
 -37.5	4
 -36.5	2
 -35.5	1
 -34.5	4
 -33.5	2
 -32.5	1
 -31.5	3.5
 -30.5	2
 -29.5	0
 -28.5	1.5
 -27.5	1
 -26.5	5.5
 -25.5	4
 -24.5	0
 -23.5	3
 -22.5	2
 -21.5	2
 -20.5	2
 -19.5	2.5
 -18.5	1
 -17.5	0.5
 -16.5	2
 -15.5	5.5
 -14.5	2.5
 -13.5	2
 -12.5	3
 -11.5	3
 -10.5	3
  -9.5	1
  -8.5	3
  -7.5	4
  -6.5	4
  -5.5	0
  -4.5	1.5
  -3.5	18
  -2.5	4
  -1.5	0
  -0.5	1
   0.5	0
   1.5	1
   2.5	5
   3.5	31.5
   4.5	3
   5.5	4
   6.5	5
   7.5	2
   8.5	1.5
   9.5	4
  10.5	3
  11.5	1
  12.5	4
  13.5	3.5
  14.5	4
  15.5	2.5
  16.5	0
  17.5	2
  18.5	0.5
  19.5	1
  20.5	4.5
  21.5	6
  22.5	0.5
  23.5	4
  24.5	2
  25.5	2
  26.5	2
  27.5	3
  28.5	2
  29.5	2
  30.5	4.5
  31.5	4
  32.5	1.5
  33.5	2
  34.5	3
  35.5	3
  36.5	1
  37.5	2
  38.5	0
  39.5	1
  40.5	0
  41.5	2
  42.5	3
  43.5	2
  44.5	3
  45.5	1
  46.5	2
  47.5	3
  48.5	1
  49.5	0
  50.5	2
  51.5	3.5
  52.5	1
  53.5	3.5
  54.5	2
  55.5	1
  56.5	2
  57.5	1
  58.5	4
  59.5	3
  60.5	1
  61.5	1
  62.5	5
  63.5	4
  64.5	3
  65.5	3
  66.5	1
  67.5	0
  68.5	4
  69.5	3
  70.5	2
  71.5	5
  72.5	0
  73.5	2
  74.5	2
  75.5	0
  76.5	2
  77.5	1
  78.5	3
  79.5	2
  80.5	1
  81.5	5
  82.5	4
  83.5	1
  84.5	4
  85.5	0
  86.5	2
  87.5	2
  88.5	1
  89.5	0
  90.5	5
  91.5	0
  92.5	2.5
  93.5	3
  94.5	1
  95.5	3
  96.5	3
DB 1 MOTIF	3-ACGTACGT	STREME-3
 -96.5	0.5
 -95.5	2
 -94.5	1
 -93.5	1
 -92.5	2
 -91.5	1
 -90.5	2
 -89.5	1
 -88.5	0
 -87.5	0
 -86.5	0
 -85.5	1
 -84.5	0.5
 -83.5	1
 -82.5	0
 -81.5	3
 -80.5	1.5
 -79.5	0
 -78.5	2
 -77.5	0
 -76.5	0
 -75.5	0
 -74.5	0
 -73.5	1
 -72.5	1
 -71.5	1
 -70.5	0
 -69.5	0.5
 -68.5	0
 -67.5	0
 -66.5	1
 -65.5	2
 -64.5	0
 -63.5	1
 -62.5	1
 -61.5	0
 -60.5	1
 -59.5	0
 -58.5	0
 -57.5	0
 -56.5	1.5
 -55.5	2
 -54.5	0
 -53.5	3
 -52.5	0
 -51.5	1
 -50.5	1
 -49.5	1
 -48.5	1
 -47.5	1
 -46.5	1
 -45.5	1
 -44.5	0
 -43.5	0
 -42.5	2
 -41.5	0
 -40.5	0.833333
 -39.5	2.5
 -38.5	0
 -37.5	2
 -36.5	0.333333
 -35.5	1.5
 -34.5	1
 -33.5	0
 -32.5	0.333333
 -31.5	1
 -30.5	0
 -29.5	0.5
 -28.5	0
 -27.5	1.33333
 -26.5	1
 -25.5	0.5
 -24.5	0
 -23.5	1.33333
 -22.5	2
 -21.5	2
 -20.5	1
 -19.5	1.33333
 -18.5	0
 -17.5	0
 -16.5	0
 -15.5	3
 -14.5	0
 -13.5	1
 -12.5	0
 -11.5	0
 -10.5	0
  -9.5	2
  -8.5	2
  -7.5	0
  -6.5	1.5
  -5.5	0
  -4.5	1
  -3.5	0
  -2.5	68
  -1.5	0.5
  -0.5	0
   0.5	0
   1.5	1.5
   2.5	56.5
   3.5	0
   4.5	0
   5.5	0
   6.5	3.5
   7.5	0
   8.5	3
   9.5	1
  10.5	1.5
  11.5	1
  12.5	0
  13.5	1
  14.5	2
  15.5	1
  16.5	0
  17.5	0
  18.5	1
  19.5	1
  20.5	1
  21.5	2
  22.5	0
  23.5	1
  24.5	4.5
  25.5	2
  26.5	0.5
  27.5	2
  28.5	2
  29.5	2
  30.5	0.5
  31.5	2
  32.5	1.5
  33.5	0
  34.5	1
  35.5	0
  36.5	1.5
  37.5	1
  38.5	0
  39.5	0
  40.5	1
  41.5	0.25
  42.5	2
  43.5	0
  44.5	1
  45.5	0.25
  46.5	0
  47.5	1
  48.5	0
  49.5	2
  50.5	1
  51.5	0
  52.5	1
  53.5	0
  54.5	0
  55.5	1
  56.5	0
  57.5	1
  58.5	0
  59.5	0
  60.5	0
  61.5	1
  62.5	0
  63.5	1
  64.5	0
  65.5	0
  66.5	0
  67.5	1
  68.5	0
  69.5	0
  70.5	0
  71.5	1
  72.5	0.25
  73.5	0.5
  74.5	0
  75.5	0
  76.5	1.25
  77.5	3
  78.5	0.5
  79.5	0
  80.5	0
  81.5	1
  82.5	1
  83.5	2
  84.5	0
  85.5	2
  86.5	2
  87.5	2
  88.5	0
  89.5	0
  90.5	2
  91.5	3
  92.5	1
  93.5	2.5
  94.5	3
  95.5	1
  96.5	1
DB 2 MOTIF	MYB52	MYB52
 -96.5	4
 -95.5	3
 -94.5	4
 -93.5	1
 -92.5	5
 -91.5	3
 -90.5	4
 -89.5	5
 -88.5	1
 -87.5	6
 -86.5	2
 -85.5	4
 -84.5	5
 -83.5	5
 -82.5	4
 -81.5	2
 -80.5	3
 -79.5	4
 -78.5	1
 -77.5	1
 -76.5	0
 -75.5	7
 -74.5	1.33333
 -73.5	5
 -72.5	1
 -71.5	4
 -70.5	4
 -69.5	2
 -68.5	3
 -67.5	1
 -66.5	2
 -65.5	1
 -64.5	3
 -63.5	2
 -62.5	1
 -61.5	3
 -60.5	2
 -59.5	6
 -58.5	3
 -57.5	5
 -56.5	6
 -55.5	2
 -54.5	3
 -53.5	1
 -52.5	1
 -51.5	3
 -50.5	3
 -49.5	1
 -48.5	1
 -47.5	5
 -46.5	4
 -45.5	2
 -44.5	3
 -43.5	2
 -42.5	4
 -41.5	6
 -40.5	2
 -39.5	4
 -38.5	3
 -37.5	2
 -36.5	4
 -35.5	1.33333
 -34.5	3
 -33.5	0
 -32.5	2
 -31.5	1
 -30.5	2
 -29.5	6
 -28.5	3
 -27.5	2
 -26.5	2
 -25.5	4
 -24.5	3
 -23.5	5
 -22.5	3
 -21.5	4
 -20.5	5
 -19.5	2
 -18.5	2
 -17.5	2
 -16.5	7
 -15.5	3
 -14.5	1
 -13.5	5
 -12.5	0
 -11.5	4
 -10.5	3
  -9.5	5
  -8.5	3
  -7.5	1
  -6.5	3
  -5.5	2
  -4.5	2
  -3.5	5
  -2.5	12
  -1.5	37
  -0.5	1
   0.5	0
   1.5	35.5
   2.5	4
   3.5	0
   4.5	0
   5.5	1
   6.5	1
   7.5	2
   8.5	3
   9.5	2
  10.5	4
  11.5	2
  12.5	2
  13.5	5.5
  14.5	1
  15.5	3
  16.5	1
  17.5	2
  18.5	5
  19.5	1
  20.5	3
  21.5	2
  22.5	2
  23.5	2
  24.5	7
  25.5	3
  26.5	6
  27.5	4
  28.5	2
  29.5	3
  30.5	3
  31.5	2
  32.5	2
  33.5	2
  34.5	2
  35.5	3
  36.5	4
  37.5	3
  38.5	3
  39.5	2
  40.5	2
  41.5	3
  42.5	3
  43.5	3
  44.5	4
  45.5	1
  46.5	7
  47.5	2
  48.5	3
  49.5	4
  50.5	1
  51.5	6
  52.5	1
  53.5	5
  54.5	4.33333
  55.5	1
  56.5	2
  57.5	3
  58.5	4
  59.5	4.5
  60.5	2
  61.5	1
  62.5	5
  63.5	3
  64.5	6
  65.5	3
  66.5	3
  67.5	1
  68.5	6
  69.5	6
  70.5	2
  71.5	5
  72.5	5
  73.5	4.5
  74.5	4
  75.5	2
  76.5	4
  77.5	4
  78.5	2
  79.5	4
  80.5	5
  81.5	5
  82.5	3
  83.5	4
  84.5	3
  85.5	2.5
  86.5	0
  87.5	4
  88.5	4
  89.5	7.5
  90.5	6
  91.5	2
  92.5	2
  93.5	0
  94.5	3
  95.5	0
  96.5	0
DB 2 MOTIF	MYB52_2	MYB52_2
 -96.5	4
 -95.5	5
 -94.5	4
 -93.5	3
 -92.5	2
 -91.5	4.5
 -90.5	1
 -89.5	5
 -88.5	3
 -87.5	3
 -86.5	6
 -85.5	3
 -84.5	2
 -83.5	2.5
 -82.5	0
 -81.5	5
 -80.5	1
 -79.5	3
 -78.5	2
 -77.5	1
 -76.5	0
 -75.5	1
 -74.5	2
 -73.5	2
 -72.5	1
 -71.5	5
 -70.5	2
 -69.5	2
 -68.5	8
 -67.5	0
 -66.5	4
 -65.5	1
 -64.5	1
 -63.5	3
 -62.5	2
 -61.5	2
 -60.5	2
 -59.5	3
 -58.5	3
 -57.5	3
 -56.5	1
 -55.5	4
 -54.5	2
 -53.5	2
 -52.5	4
 -51.5	3
 -50.5	2
 -49.5	2
 -48.5	3
 -47.5	1
 -46.5	2
 -45.5	3
 -44.5	4
 -43.5	3
 -42.5	1
 -41.5	5
 -40.5	2
 -39.5	0
 -38.5	2
 -37.5	3
 -36.5	1
 -35.5	4
 -34.5	4
 -33.5	1
 -32.5	1
 -31.5	1
 -30.5	1
 -29.5	3
 -28.5	4
 -27.5	2
 -26.5	4
 -25.5	4
 -24.5	1
 -23.5	8
 -22.5	3.5
 -21.5	3
 -20.5	6
 -19.5	1
 -18.5	1.5
 -17.5	3
 -16.5	2
 -15.5	1.5
 -14.5	5
 -13.5	5.5
 -12.5	3
 -11.5	2
 -10.5	2
  -9.5	2
  -8.5	4
  -7.5	5
  -6.5	5.5
  -5.5	1
  -4.5	3
  -3.5	5
  -2.5	0
  -1.5	0
  -0.5	8
   0.5	6.5
   1.5	0
   2.5	2
   3.5	7
   4.5	1.5
   5.5	3
   6.5	2
   7.5	2
   8.5	4.5
   9.5	2
  10.5	2.5
  11.5	4
  12.5	6
  13.5	0
  14.5	2
  15.5	2
  16.5	1
  17.5	2
  18.5	1
  19.5	4
  20.5	4
  21.5	2
  22.5	3
  23.5	3
  24.5	5.33333
  25.5	1
  26.5	2
  27.5	3
  28.5	1.33333
  29.5	2
  30.5	0
  31.5	3.5
  32.5	2.33333
  33.5	2
  34.5	1.5
  35.5	3
  36.5	2
  37.5	8
  38.5	3.5
  39.5	3
  40.5	3
  41.5	2
  42.5	6
  43.5	2
  44.5	6
  45.5	1
  46.5	1
  47.5	1
  48.5	3
  49.5	3
  50.5	1
  51.5	1
  52.5	4
  53.5	1
  54.5	1
  55.5	2.5
  56.5	1
  57.5	2
  58.5	1
  59.5	2
  60.5	2
  61.5	6
  62.5	5
  63.5	1
  64.5	3
  65.5	3
  66.5	2
  67.5	4
  68.5	3
  69.5	3
  70.5	7
  71.5	5
  72.5	1
  73.5	4
  74.5	3
  75.5	3
  76.5	1
  77.5	0
  78.5	3
  79.5	3
  80.5	2
  81.5	2
  82.5	2
  83.5	5.5
  84.5	1
  85.5	4
  86.5	2
  87.5	5
  88.5	3
  89.5	3
  90.5	5
  91.5	3
  92.5	1
  93.5	3
  94.5	0
  95.5	3
  96.5	1
DB 2 MOTIF	MYB46	MYB46
 -96.5	3
 -95.5	4
 -94.5	3
 -93.5	6
 -92.5	0
 -91.5	5
 -90.5	4
 -89.5	4
 -88.5	0
 -87.5	3
 -86.5	4
 -85.5	1
 -84.5	5
 -83.5	2
 -82.5	1
 -81.5	2
 -80.5	1
 -79.5	1
 -78.5	2
 -77.5	1
 -76.5	0
 -75.5	4
 -74.5	1
 -73.5	2
 -72.5	0
 -71.5	2.5
 -70.5	2
 -69.5	1.5
 -68.5	3
 -67.5	4
 -66.5	3
 -65.5	1
 -64.5	3
 -63.5	1.5
 -62.5	1
 -61.5	2
 -60.5	3
 -59.5	1
 -58.5	0.5
 -57.5	1
 -56.5	0
 -55.5	1
 -54.5	3.5
 -53.5	4
 -52.5	1
 -51.5	4
 -50.5	1
 -49.5	2
 -48.5	1
 -47.5	1
 -46.5	1
 -45.5	0
 -44.5	2
 -43.5	1
 -42.5	1
 -41.5	6
 -40.5	0
 -39.5	0
 -38.5	3
 -37.5	2
 -36.5	3
 -35.5	1
 -34.5	0
 -33.5	1
 -32.5	2
 -31.5	3
 -30.5	0.5
 -29.5	2
 -28.5	2
 -27.5	4
 -26.5	3
 -25.5	2.5
 -24.5	1
 -23.5	5.33333
 -22.5	3
 -21.5	4
 -20.5	1
 -19.5	2.33333
 -18.5	2
 -17.5	2
 -16.5	3
 -15.5	2.33333
 -14.5	2
 -13.5	1
 -12.5	3
 -11.5	1
 -10.5	3
  -9.5	1
  -8.5	2
  -7.5	2
  -6.5	3
  -5.5	3
  -4.5	2
  -3.5	4.5
  -2.5	0
  -1.5	1
  -0.5	8
   0.5	7
   1.5	0
   2.5	0
   3.5	5
   4.5	0
   5.5	1
   6.5	3
   7.5	1
   8.5	1.5
   9.5	1
  10.5	1
  11.5	1
  12.5	2.5
  13.5	1
  14.5	1
  15.5	0
  16.5	0
  17.5	3
  18.5	5
  19.5	2
  20.5	2
  21.5	3
  22.5	2
  23.5	4
  24.5	3
  25.5	1
  26.5	4
  27.5	1
  28.5	1
  29.5	4
  30.5	1
  31.5	3
  32.5	1
  33.5	0.5
  34.5	1
  35.5	2
  36.5	2
  37.5	4
  38.5	2
  39.5	1
  40.5	6
  41.5	0
  42.5	5
  43.5	2
  44.5	2
  45.5	1
  46.5	1
  47.5	2
  48.5	0
  49.5	2
  50.5	0
  51.5	1
  52.5	6
  53.5	0.5
  54.5	1
  55.5	3.5
  56.5	3
  57.5	4
  58.5	2
  59.5	4
  60.5	2
  61.5	2
  62.5	1
  63.5	8
  64.5	1
  65.5	3.5
  66.5	2
  67.5	3
  68.5	2
  69.5	2
  70.5	9
  71.5	5
  72.5	3.5
  73.5	1
  74.5	1
  75.5	4
  76.5	0
  77.5	0
  78.5	5
  79.5	3
  80.5	1
  81.5	4
  82.5	1
  83.5	2.5
  84.5	3
  85.5	4
  86.5	2
  87.5	2
  88.5	4
  89.5	3
  90.5	1
  91.5	3
  92.5	2
  93.5	3
  94.5	3
  95.5	3
  96.5	2
DB 2 MOTIF	MYB46_2	MYB46_2
 -96.5	4
 -95.5	4
 -94.5	5
 -93.5	9
 -92.5	5
 -91.5	3
 -90.5	3
 -89.5	4
 -88.5	6
 -87.5	4
 -86.5	5
 -85.5	4
 -84.5	3
 -83.5	3
 -82.5	3
 -81.5	1
 -80.5	3
 -79.5	6
 -78.5	2
 -77.5	3
 -76.5	2
 -75.5	4
 -74.5	2
 -73.5	2
 -72.5	5
 -71.5	5
 -70.5	3
 -69.5	2
 -68.5	6
 -67.5	2
 -66.5	7.25
 -65.5	5
 -64.5	0
 -63.5	3.5
 -62.5	3
 -61.5	1
 -60.5	1.25
 -59.5	5
 -58.5	2
 -57.5	4
 -56.5	1
 -55.5	3
 -54.5	5.25
 -53.5	5
 -52.5	7
 -51.5	1
 -50.5	3
 -49.5	3
 -48.5	3.25
 -47.5	1
 -46.5	2
 -45.5	0
 -44.5	8
 -43.5	3
 -42.5	2.25
 -41.5	6
 -40.5	3
 -39.5	1.25
 -38.5	4.33333
 -37.5	4
 -36.5	0.25
 -35.5	4
 -34.5	2.33333
 -33.5	2.25
 -32.5	3
 -31.5	5
 -30.5	4.83333
 -29.5	5
 -28.5	2
 -27.5	4
 -26.5	3
 -25.5	3
 -24.5	8
 -23.5	3
 -22.5	4.5
 -21.5	0
 -20.5	4
 -19.5	5
 -18.5	2.5
 -17.5	3
 -16.5	4
 -15.5	3
 -14.5	7
 -13.5	5
 -12.5	2
 -11.5	4
 -10.5	2
  -9.5	4
  -8.5	2
  -7.5	6
  -6.5	3
  -5.5	1
  -4.5	2
  -3.5	11.5
  -2.5	5
  -1.5	2
  -0.5	13.5
   0.5	9
   1.5	1
   2.5	4
   3.5	31
   4.5	4
   5.5	5
   6.5	4
   7.5	4
   8.5	1
   9.5	0
  10.5	3
  11.5	5
  12.5	4
  13.5	4
  14.5	0
  15.5	0
  16.5	6
  17.5	7
  18.5	6
  19.5	6
  20.5	3
  21.5	3
  22.5	3
  23.5	4.5
  24.5	3.33333
  25.5	4
  26.5	3
  27.5	7
  28.5	6.33333
  29.5	6
  30.5	3
  31.5	3.5
  32.5	1.33333
  33.5	3
  34.5	3.5
  35.5	6
  36.5	2
  37.5	3
  38.5	3.5
  39.5	6
  40.5	2
  41.5	3
  42.5	6
  43.5	3
  44.5	7
  45.5	2
  46.5	2
  47.5	1
  48.5	2
  49.5	3
  50.5	3
  51.5	2
  52.5	6
  53.5	3
  54.5	5.33333
  55.5	8
  56.5	2
  57.5	3
  58.5	0
  59.5	2
  60.5	5
  61.5	4
  62.5	6
  63.5	5.33333
  64.5	3
  65.5	2
  66.5	6.33333
  67.5	6
  68.5	4.5
  69.5	5
  70.5	5
  71.5	3
  72.5	3
  73.5	5
  74.5	2
  75.5	1
  76.5	6
  77.5	0
  78.5	4
  79.5	4
  80.5	6.5
  81.5	9
  82.5	6
  83.5	2.5
  84.5	4
  85.5	3
  86.5	4
  87.5	0.5
  88.5	2.5
  89.5	3
  90.5	4
  91.5	7.5
  92.5	8
  93.5	7
  94.5	0
  95.5	5
  96.5	3
DB 2 MOTIF	MYB111_2	MYB111_2
 -96.5	2
 -95.5	3.5
 -94.5	2
 -93.5	4
 -92.5	1
 -91.5	3
 -90.5	0
 -89.5	2
 -88.5	2
 -87.5	5
 -86.5	3
 -85.5	4
 -84.5	4
 -83.5	2
 -82.5	4
 -81.5	2
 -80.5	3
 -79.5	1
 -78.5	3
 -77.5	2
 -76.5	1
 -75.5	3
 -74.5	1.5
 -73.5	3
 -72.5	1
 -71.5	2
 -70.5	2
 -69.5	1
 -68.5	4
 -67.5	4
 -66.5	5
 -65.5	1
 -64.5	4
 -63.5	3.5
 -62.5	2
 -61.5	4
 -60.5	1
 -59.5	1
 -58.5	1.5
 -57.5	2
 -56.5	3
 -55.5	1
 -54.5	2.5
 -53.5	4
 -52.5	2
 -51.5	4
 -50.5	0
 -49.5	3
 -48.5	1
 -47.5	2
 -46.5	2
 -45.5	1
 -44.5	5
 -43.5	2
 -42.5	0.25
 -41.5	3
 -40.5	2
 -39.5	2.25
 -38.5	3
 -37.5	3
 -36.5	4.25
 -35.5	1
 -34.5	0
 -33.5	1.25
 -32.5	1
 -31.5	3
 -30.5	1.5
 -29.5	2
 -28.5	2
 -27.5	2
 -26.5	2
 -25.5	1.5
 -24.5	3
 -23.5	4.33333
 -22.5	3
 -21.5	2
 -20.5	2
 -19.5	1.33333
 -18.5	1
 -17.5	2
 -16.5	6
 -15.5	4.33333
 -14.5	1
 -13.5	1
 -12.5	2
 -11.5	0
 -10.5	4
  -9.5	2
  -8.5	3.5
  -7.5	5
  -6.5	4
  -5.5	8
  -4.5	4
  -3.5	4.5
  -2.5	3
  -1.5	3.5
  -0.5	9
   0.5	4
   1.5	1
   2.5	5
   3.5	10
   4.5	0
   5.5	1
   6.5	2
   7.5	2
   8.5	2.5
   9.5	1
  10.5	0
  11.5	1
  12.5	2
  13.5	0
  14.5	3
  15.5	1
  16.5	0
  17.5	5
  18.5	5
  19.5	2
  20.5	3
  21.5	3
  22.5	2
  23.5	4
  24.5	1
  25.5	2
  26.5	3
  27.5	1
  28.5	0
  29.5	6
  30.5	1
  31.5	3
  32.5	1.5
  33.5	2.5
  34.5	0
  35.5	1
  36.5	2
  37.5	6
  38.5	3
  39.5	3
  40.5	5
  41.5	2
  42.5	5
  43.5	1
  44.5	1
  45.5	2
  46.5	2
  47.5	2
  48.5	0
  49.5	3
  50.5	0
  51.5	1
  52.5	4
  53.5	3.5
  54.5	1.33333
  55.5	2.5
  56.5	3
  57.5	2
  58.5	3
  59.5	6
  60.5	3
  61.5	2
  62.5	3
  63.5	6.33333
  64.5	1
  65.5	2.5
  66.5	2.33333
  67.5	3
  68.5	1
  69.5	6
  70.5	5
  71.5	6
  72.5	2.5
  73.5	1
  74.5	1
  75.5	3
  76.5	0
  77.5	1
  78.5	5
  79.5	2
  80.5	1
  81.5	3
  82.5	2
  83.5	5.5
  84.5	3
  85.5	4
  86.5	3
  87.5	2.5
  88.5	4
  89.5	3.5
  90.5	2
  91.5	5
  92.5	5
  93.5	2
  94.5	1
  95.5	5
  96.5	5
DB 2 MOTIF	MYB55	MYB55
 -96.5	3
 -95.5	0
 -94.5	3
 -93.5	2
 -92.5	2
 -91.5	2
 -90.5	5
 -89.5	0
 -88.5	2
 -87.5	0
 -86.5	3
 -85.5	4
 -84.5	3
 -83.5	2
 -82.5	5
 -81.5	2
 -80.5	0
 -79.5	2
 -78.5	3
 -77.5	1
 -76.5	3
 -75.5	1
 -74.5	0
 -73.5	0
 -72.5	4
 -71.5	1
 -70.5	1
 -69.5	5
 -68.5	6
 -67.5	1
 -66.5	1
 -65.5	2
 -64.5	2
 -63.5	2
 -62.5	1
 -61.5	3
 -60.5	3
 -59.5	2
 -58.5	1.5
 -57.5	4
 -56.5	1
 -55.5	2
 -54.5	5
 -53.5	2
 -52.5	3
 -51.5	1
 -50.5	2.5
 -49.5	1
 -48.5	1
 -47.5	0
 -46.5	4
 -45.5	2
 -44.5	1
 -43.5	1
 -42.5	3
 -41.5	1
 -40.5	0
 -39.5	2
 -38.5	1
 -37.5	0
 -36.5	2
 -35.5	3
 -34.5	0
 -33.5	3
 -32.5	4
 -31.5	1
 -30.5	1
 -29.5	2
 -28.5	1
 -27.5	1
 -26.5	4
 -25.5	4
 -24.5	3.5
 -23.5	3
 -22.5	4
 -21.5	3
 -20.5	1
 -19.5	1
 -18.5	3
 -17.5	1
 -16.5	2
 -15.5	1
 -14.5	0
 -13.5	3
 -12.5	1
 -11.5	3
 -10.5	0
  -9.5	1
  -8.5	5
  -7.5	3
  -6.5	2
  -5.5	1
  -4.5	1
  -3.5	3.5
  -2.5	6.5
  -1.5	8
  -0.5	0
   0.5	0
   1.5	4.5
   2.5	9
   3.5	0
   4.5	0
   5.5	1
   6.5	1
   7.5	1
   8.5	0
   9.5	1.5
  10.5	1
  11.5	1.5
  12.5	1
  13.5	1.5
  14.5	2
  15.5	2.5
  16.5	1.5
  17.5	1
  18.5	3
  19.5	2
  20.5	2
  21.5	1
  22.5	2.5
  23.5	2.33333
  24.5	3
  25.5	3
  26.5	3
  27.5	3.33333
  28.5	1
  29.5	3
  30.5	2
  31.5	1.33333
  32.5	0
  33.5	1
  34.5	1
  35.5	2
  36.5	3
  37.5	4
  38.5	1
  39.5	1
  40.5	1
  41.5	3
  42.5	2
  43.5	6
  44.5	2
  45.5	2
  46.5	4
  47.5	0
  48.5	1
  49.5	0
  50.5	2
  51.5	4
  52.5	1
  53.5	1
  54.5	1
  55.5	3
  56.5	4
  57.5	2
  58.5	2.5
  59.5	3
  60.5	6
  61.5	2
  62.5	3
  63.5	0
  64.5	4
  65.5	2.5
  66.5	6.5
  67.5	3
  68.5	3
  69.5	2
  70.5	1.5
  71.5	5
  72.5	5.5
  73.5	1.5
  74.5	0
  75.5	1
  76.5	1
  77.5	6
  78.5	1
  79.5	1
  80.5	5
  81.5	0
  82.5	3
  83.5	3
  84.5	3
  85.5	0
  86.5	5
  87.5	2
  88.5	3
  89.5	3
  90.5	4
  91.5	1
  92.5	1
  93.5	2
  94.5	5
  95.5	0
  96.5	1
DB 2 MOTIF	MYB55_2	MYB55_2
 -96.5	5.5
 -95.5	1.5
 -94.5	5
 -93.5	6
 -92.5	4
 -91.5	6
 -90.5	2
 -89.5	4
 -88.5	3
 -87.5	3
 -86.5	5
 -85.5	5
 -84.5	3
 -83.5	3
 -82.5	4.5
 -81.5	2
 -80.5	4
 -79.5	4
 -78.5	1
 -77.5	3
 -76.5	1
 -75.5	4
 -74.5	2
 -73.5	2
 -72.5	2
 -71.5	3
 -70.5	1
 -69.5	1
 -68.5	6
 -67.5	5
 -66.5	4
 -65.5	1
 -64.5	2
 -63.5	1.5
 -62.5	1
 -61.5	1
 -60.5	1
 -59.5	2
 -58.5	3
 -57.5	3
 -56.5	2
 -55.5	3
 -54.5	2
 -53.5	3
 -52.5	6
 -51.5	3
 -50.5	2
 -49.5	2
 -48.5	3
 -47.5	1
 -46.5	2
 -45.5	2
 -44.5	7
 -43.5	1
 -42.5	1.25
 -41.5	2
 -40.5	2
 -39.5	1.25
 -38.5	3
 -37.5	3
 -36.5	1.75
 -35.5	5
 -34.5	2
 -33.5	1.25
 -32.5	2
 -31.5	3
 -30.5	2.5
 -29.5	3.5
 -28.5	1
 -27.5	2.5
 -26.5	2
 -25.5	3.5
 -24.5	7
 -23.5	2
 -22.5	5.5
 -21.5	0
 -20.5	4
 -19.5	4
 -18.5	1.5
 -17.5	3
 -16.5	2
 -15.5	2
 -14.5	3
 -13.5	3
 -12.5	3
 -11.5	2
 -10.5	3
  -9.5	4
  -8.5	4.5
  -7.5	4
  -6.5	3
  -5.5	2
  -4.5	2
  -3.5	15
  -2.5	1
  -1.5	2
  -0.5	13.5
   0.5	2
   1.5	0
   2.5	3
   3.5	26
   4.5	2
   5.5	3
   6.5	2
   7.5	2
   8.5	2
   9.5	1
  10.5	2
  11.5	3
  12.5	2
  13.5	0
  14.5	1
  15.5	2
  16.5	2
  17.5	7
  18.5	4
  19.5	5.5
  20.5	2
  21.5	3
  22.5	3
  23.5	3.5
  24.5	0.333333
  25.5	6
  26.5	2
  27.5	5
  28.5	2.33333
  29.5	5
  30.5	1
  31.5	1.5
  32.5	2.33333
  33.5	3.5
  34.5	2.5
  35.5	4
  36.5	2
  37.5	7
  38.5	4.5
  39.5	2
  40.5	1
  41.5	3
  42.5	8
  43.5	0
  44.5	6.5
  45.5	1
  46.5	1.5
  47.5	1
  48.5	1
  49.5	2
  50.5	2
  51.5	1
  52.5	3
  53.5	3.5
  54.5	5.33333
  55.5	5
  56.5	2.5
  57.5	2
  58.5	1
  59.5	4
  60.5	3
  61.5	5
  62.5	4
  63.5	6.33333
  64.5	3
  65.5	4
  66.5	3.33333
  67.5	4
  68.5	4.5
  69.5	3
  70.5	6
  71.5	6
  72.5	3
  73.5	5
  74.5	1
  75.5	0
  76.5	3
  77.5	1
  78.5	4
  79.5	4
  80.5	7
  81.5	9
  82.5	4
  83.5	3.5
  84.5	3.5
  85.5	3
  86.5	3
  87.5	2
  88.5	5
  89.5	6
  90.5	5
  91.5	6
  92.5	4
  93.5	3
  94.5	0
  95.5	3
  96.5	3
DB 2 MOTIF	RRTF1	RRTF1
 -96.5	2
 -95.5	2
 -94.5	3
 -93.5	5
 -92.5	1
 -91.5	1
 -90.5	0
 -89.5	3
 -88.5	2
 -87.5	2
 -86.5	2
 -85.5	0
 -84.5	2
 -83.5	3
 -82.5	5
 -81.5	1
 -80.5	0
 -79.5	2
 -78.5	2
 -77.5	1
 -76.5	2
 -75.5	2
 -74.5	1
 -73.5	4
 -72.5	0
 -71.5	4
 -70.5	1
 -69.5	3
 -68.5	7
 -67.5	2
 -66.5	1
 -65.5	3
 -64.5	0
 -63.5	3.25
 -62.5	1
 -61.5	0.583333
 -60.5	3
 -59.5	3
 -58.5	0.333333
 -57.5	2.25
 -56.5	1
 -55.5	1.58333
 -54.5	0
 -53.5	2.5
 -52.5	7
 -51.5	2
 -50.5	1.5
 -49.5	1
 -48.5	3
 -47.5	1
 -46.5	1
 -45.5	3.33333
 -44.5	2
 -43.5	1
 -42.5	2
 -41.5	1.5
 -40.5	4
 -39.5	2
 -38.5	3.5
 -37.5	4
 -36.5	5
 -35.5	2
 -34.5	4
 -33.5	5
 -32.5	2
 -31.5	1
 -30.5	1.5
 -29.5	1
 -28.5	1.5
 -27.5	6
 -26.5	0.5
 -25.5	5
 -24.5	3
 -23.5	4
 -22.5	4
 -21.5	3
 -20.5	1
 -19.5	2
 -18.5	1
 -17.5	2.5
 -16.5	2
 -15.5	5.33333
 -14.5	3.5
 -13.5	4
 -12.5	3.5
 -11.5	2.5
 -10.5	1.5
  -9.5	2.5
  -8.5	5
  -7.5	3
  -6.5	4
  -5.5	2
  -4.5	6
  -3.5	10
  -2.5	2
  -1.5	0
  -0.5	6
   0.5	3
   1.5	1
   2.5	4
   3.5	15.5
   4.5	2
   5.5	3.5
   6.5	6
   7.5	2
   8.5	2
   9.5	1
  10.5	1
  11.5	2
  12.5	6
  13.5	6
  14.5	1
  15.5	3
  16.5	2
  17.5	3
  18.5	1.5
  19.5	1
  20.5	3
  21.5	2
  22.5	2
  23.5	5
  24.5	2
  25.5	3
  26.5	3
  27.5	3
  28.5	4
  29.5	0
  30.5	2.5
  31.5	1
  32.5	4
  33.5	1
  34.5	3
  35.5	1
  36.5	1
  37.5	3
  38.5	0
  39.5	1
  40.5	4
  41.5	3
  42.5	0
  43.5	2
  44.5	3
  45.5	4
  46.5	2.33333
  47.5	2
  48.5	1
  49.5	0
  50.5	3
  51.5	2
  52.5	5
  53.5	2.5
  54.5	4.5
  55.5	3
  56.5	6.5
  57.5	0
  58.5	4
  59.5	2
  60.5	0
  61.5	2
  62.5	2
  63.5	4
  64.5	2
  65.5	4
  66.5	0
  67.5	1
  68.5	4
  69.5	2
  70.5	0
  71.5	4
  72.5	2
  73.5	2
  74.5	0
  75.5	3
  76.5	1
  77.5	3
  78.5	0
  79.5	2
  80.5	2
  81.5	3
  82.5	3
  83.5	2
  84.5	2
  85.5	1
  86.5	3
  87.5	2
  88.5	3
  89.5	5
  90.5	7
  91.5	2
  92.5	2
  93.5	4
  94.5	4
  95.5	2
  96.5	6
DB 2 MOTIF	RRTF1_2	RRTF1_2
 -96.5	4
 -95.5	1.5
 -94.5	2
 -93.5	3
 -92.5	0.5
 -91.5	0
 -90.5	2
 -89.5	2
 -88.5	4
 -87.5	5
 -86.5	0
 -85.5	1
 -84.5	3
 -83.5	1
 -82.5	1.5
 -81.5	2
 -80.5	1
 -79.5	3
 -78.5	2.25
 -77.5	0
 -76.5	3
 -75.5	1
 -74.5	1
 -73.5	1
 -72.5	5
 -71.5	1
 -70.5	0
 -69.5	1
 -68.5	2
 -67.5	5
 -66.5	4
 -65.5	0
 -64.5	1
 -63.5	0
 -62.5	2
 -61.5	3
 -60.5	1
 -59.5	3
 -58.5	1.5
 -57.5	0
 -56.5	2
 -55.5	1
 -54.5	2.5
 -53.5	3
 -52.5	0
 -51.5	2.5
 -50.5	2
 -49.5	3
 -48.5	2
 -47.5	2
 -46.5	3
 -45.5	3
 -44.5	0
 -43.5	0
 -42.5	2
 -41.5	1
 -40.5	5
 -39.5	4
 -38.5	2
 -37.5	4
 -36.5	0
 -35.5	2
 -34.5	3
 -33.5	0
 -32.5	4
 -31.5	2
 -30.5	1
 -29.5	2
 -28.5	3
 -27.5	2
 -26.5	2
 -25.5	0
 -24.5	1
 -23.5	0
 -22.5	3
 -21.5	4
 -20.5	3
 -19.5	1
 -18.5	2
 -17.5	2
 -16.5	1
 -15.5	2.5
 -14.5	5
 -13.5	2
 -12.5	1.5
 -11.5	2.5
 -10.5	2
  -9.5	3
  -8.5	2.25
  -7.5	1
  -6.5	1
  -5.5	10.75
  -4.5	2
  -3.5	1
  -2.5	9.25
  -1.5	1
  -0.5	4.5
   0.5	5
   1.5	1
   2.5	13
   3.5	3
   4.5	4.5
   5.5	8
   6.5	3
   7.5	1
   8.5	1.33333
   9.5	1.5
  10.5	3
  11.5	4.33333
  12.5	3
  13.5	4
  14.5	2.33333
  15.5	0
  16.5	3
  17.5	2
  18.5	0
  19.5	1
  20.5	3
  21.5	1
  22.5	3
  23.5	2
  24.5	4
  25.5	2
  26.5	5
  27.5	4
  28.5	0
  29.5	1
  30.5	4
  31.5	4
  32.5	0
  33.5	3
  34.5	2
  35.5	2
  36.5	0
  37.5	0
  38.5	2
  39.5	3
  40.5	1
  41.5	0
  42.5	3
  43.5	1
  44.5	1
  45.5	5
  46.5	1
  47.5	3
  48.5	1
  49.5	2
  50.5	1
  51.5	4
  52.5	4
  53.5	7
  54.5	1
  55.5	2
  56.5	2
  57.5	1
  58.5	1
  59.5	0
  60.5	3
  61.5	6
  62.5	4.5
  63.5	1
  64.5	2
  65.5	5
  66.5	0
  67.5	2
  68.5	3
  69.5	4.5
  70.5	2
  71.5	0.5
  72.5	5
  73.5	0
  74.5	5
  75.5	2
  76.5	3
  77.5	2
  78.5	1
  79.5	2
  80.5	2
  81.5	2
  82.5	0
  83.5	2
  84.5	2
  85.5	1
  86.5	4
  87.5	2.5
  88.5	4
  89.5	2
  90.5	4
  91.5	3.5
  92.5	4
  93.5	2
  94.5	3
  95.5	3
  96.5	4
DB 2 MOTIF	RRTF1_3ary	RRTF1_3ary
 -96.5	6
 -95.5	1.5
 -94.5	2
 -93.5	6
 -92.5	2.5
 -91.5	0
 -90.5	1
 -89.5	2
 -88.5	2
 -87.5	4
 -86.5	0
 -85.5	1
 -84.5	3
 -83.5	1
 -82.5	1
 -81.5	2
 -80.5	1
 -79.5	3
 -78.5	2.25
 -77.5	1
 -76.5	2
 -75.5	3
 -74.5	2
 -73.5	0
 -72.5	3
 -71.5	3
 -70.5	0
 -69.5	1
 -68.5	2
 -67.5	2
 -66.5	6
 -65.5	0
 -64.5	2
 -63.5	0
 -62.5	3.33333
 -61.5	4
 -60.5	1
 -59.5	2.33333
 -58.5	2
 -57.5	1
 -56.5	1.33333
 -55.5	0
 -54.5	1.5
 -53.5	2
 -52.5	0
 -51.5	2.5
 -50.5	3
 -49.5	3
 -48.5	3
 -47.5	1
 -46.5	2
 -45.5	5
 -44.5	1
 -43.5	1
 -42.5	2
 -41.5	2
 -40.5	6
 -39.5	4
 -38.5	2
 -37.5	4
 -36.5	0
 -35.5	2
 -34.5	3
 -33.5	0
 -32.5	3
 -31.5	3
 -30.5	3.5
 -29.5	2
 -28.5	2
 -27.5	5
 -26.5	6
 -25.5	4
 -24.5	2
 -23.5	0
 -22.5	1
 -21.5	3
 -20.5	2
 -19.5	0
 -18.5	3
 -17.5	3
 -16.5	1
 -15.5	3.5
 -14.5	5
 -13.5	2
 -12.5	2.5
 -11.5	2.5
 -10.5	2
  -9.5	4
  -8.5	3.25
  -7.5	1
  -6.5	1
  -5.5	9.25
  -4.5	2
  -3.5	1
  -2.5	11.25
  -1.5	0
  -0.5	3
   0.5	4
   1.5	1
   2.5	16
   3.5	4
   4.5	4.5
   5.5	9.5
   6.5	4
   7.5	2
   8.5	3
   9.5	1
  10.5	3
  11.5	4.5
  12.5	3
  13.5	2
  14.5	1.5
  15.5	0
  16.5	4
  17.5	2
  18.5	2
  19.5	1
  20.5	3
  21.5	2
  22.5	4
  23.5	2
  24.5	4.5
  25.5	2
  26.5	5
  27.5	2
  28.5	1
  29.5	1
  30.5	4
  31.5	4
  32.5	0
  33.5	3
  34.5	2
  35.5	1
  36.5	0
  37.5	1
  38.5	2
  39.5	3
  40.5	1
  41.5	0
  42.5	2
  43.5	1
  44.5	1
  45.5	3
  46.5	3.5
  47.5	4
  48.5	3
  49.5	1
  50.5	0
  51.5	4
  52.5	3
  53.5	6
  54.5	3.5
  55.5	4
  56.5	3
  57.5	1.5
  58.5	2
  59.5	0.5
  60.5	4
  61.5	6
  62.5	6.5
  63.5	1
  64.5	2
  65.5	5
  66.5	0
  67.5	2
  68.5	1
  69.5	3
  70.5	2
  71.5	1.5
  72.5	5
  73.5	0
  74.5	4
  75.5	2
  76.5	3
  77.5	1
  78.5	2
  79.5	3
  80.5	3
  81.5	2
  82.5	0
  83.5	2
  84.5	2
  85.5	2
  86.5	5
  87.5	2
  88.5	4
  89.5	4
  90.5	3
  91.5	6.5
  92.5	4
  93.5	3
  94.5	2
  95.5	6
  96.5	5
DB 2 MOTIF	RAP2.3	RAP2.3
 -96.5	2
 -95.5	2
 -94.5	6
 -93.5	4.5
 -92.5	1
 -91.5	2
 -90.5	0
 -89.5	5
 -88.5	0
 -87.5	2
 -86.5	5
 -85.5	1
 -84.5	2
 -83.5	5
 -82.5	5
 -81.5	0
 -80.5	5
 -79.5	2
 -78.5	2
 -77.5	4
 -76.5	2
 -75.5	2
 -74.5	5
 -73.5	4
 -72.5	2
 -71.5	2
 -70.5	1
 -69.5	3
 -68.5	6
 -67.5	6
 -66.5	0.5
 -65.5	4
 -64.5	0
 -63.5	4
 -62.5	1
 -61.5	0.333333
 -60.5	7
 -59.5	5
 -58.5	1.33333
 -57.5	4
 -56.5	3
 -55.5	3.33333
 -54.5	2
 -53.5	2.5
 -52.5	7
 -51.5	2
 -50.5	3.5
 -49.5	3
 -48.5	3
 -47.5	2
 -46.5	4
 -45.5	3.33333
 -44.5	1
 -43.5	1
 -42.5	3
 -41.5	2.5
 -40.5	3
 -39.5	4
 -38.5	3.5
 -37.5	4
 -36.5	4
 -35.5	2
 -34.5	2
 -33.5	4.5
 -32.5	1
 -31.5	3.5
 -30.5	2.5
 -29.5	1
 -28.5	4.5
 -27.5	6
 -26.5	2.5
 -25.5	4
 -24.5	4
 -23.5	2
 -22.5	4
 -21.5	3
 -20.5	3
 -19.5	5
 -18.5	1
 -17.5	3.5
 -16.5	1.5
 -15.5	7.33333
 -14.5	3.5
 -13.5	4
 -12.5	3.5
 -11.5	3.5
 -10.5	2.5
  -9.5	2.5
  -8.5	4
  -7.5	4
  -6.5	6
  -5.5	5
  -4.5	7
  -3.5	8
  -2.5	4
  -1.5	0
  -0.5	6
   0.5	1
   1.5	3
   2.5	6
   3.5	13.5
   4.5	6
   5.5	5.5
   6.5	8
   7.5	2
   8.5	2
   9.5	5
  10.5	2
  11.5	4
  12.5	5
  13.5	7
  14.5	0
  15.5	4
  16.5	3
  17.5	5
  18.5	1.5
  19.5	3
  20.5	2
  21.5	4
  22.5	4.5
  23.5	7
  24.5	0
  25.5	4
  26.5	3
  27.5	3
  28.5	4
  29.5	2
  30.5	2.5
  31.5	2
  32.5	6
  33.5	3
  34.5	3
  35.5	3
  36.5	1
  37.5	4
  38.5	2
  39.5	2
  40.5	3
  41.5	6
  42.5	0
  43.5	2
  44.5	3
  45.5	4
  46.5	4.33333
  47.5	3
  48.5	1
  49.5	1
  50.5	5.5
  51.5	4
  52.5	5
  53.5	2.5
  54.5	6.5
  55.5	2
  56.5	4.5
  57.5	3
  58.5	3.5
  59.5	3
  60.5	1
  61.5	5
  62.5	4
  63.5	2
  64.5	5
  65.5	5
  66.5	0
  67.5	1
  68.5	5
  69.5	3
  70.5	0
  71.5	4
  72.5	1
  73.5	5
  74.5	0
  75.5	8
  76.5	1
  77.5	3
  78.5	0
  79.5	7
  80.5	1
  81.5	4
  82.5	2
  83.5	3
  84.5	3
  85.5	2
  86.5	3
  87.5	5
  88.5	4
  89.5	6
  90.5	6
  91.5	2.5
  92.5	0
  93.5	5
  94.5	7
  95.5	3.5
  96.5	4
DB 2 MOTIF	RAP2.3_2	RAP2.3_2
 -96.5	4
 -95.5	2.5
 -94.5	1
 -93.5	5
 -92.5	0.5
 -91.5	1
 -90.5	4
 -89.5	1
 -88.5	4
 -87.5	3
 -86.5	0
 -85.5	2
 -84.5	5
 -83.5	3
 -82.5	2
 -81.5	2
 -80.5	1
 -79.5	2
 -78.5	2.25
 -77.5	3
 -76.5	4
 -75.5	4
 -74.5	1
 -73.5	3
 -72.5	5
 -71.5	2
 -70.5	2
 -69.5	1
 -68.5	2
 -67.5	6
 -66.5	5
 -65.5	0
 -64.5	1
 -63.5	0
 -62.5	3.33333
 -61.5	3
 -60.5	2
 -59.5	4.33333
 -58.5	1
 -57.5	1
 -56.5	4.33333
 -55.5	1
 -54.5	2.5
 -53.5	2
 -52.5	1
 -51.5	2.5
 -50.5	4
 -49.5	3
 -48.5	2
 -47.5	3
 -46.5	5
 -45.5	4
 -44.5	0.5
 -43.5	1
 -42.5	2
 -41.5	5
 -40.5	4
 -39.5	3
 -38.5	2
 -37.5	6
 -36.5	1
 -35.5	5
 -34.5	4
 -33.5	1
 -32.5	5
 -31.5	3
 -30.5	0.5
 -29.5	5
 -28.5	3
 -27.5	3
 -26.5	7
 -25.5	0
 -24.5	3
 -23.5	0
 -22.5	4
 -21.5	3
 -20.5	5
 -19.5	0
 -18.5	2
 -17.5	2
 -16.5	2
 -15.5	2.5
 -14.5	8.5
 -13.5	5
 -12.5	2.5
 -11.5	4.5
 -10.5	1
  -9.5	3
  -8.5	1.25
  -7.5	1
  -6.5	0
  -5.5	11.25
  -4.5	3
  -3.5	3
  -2.5	11.25
  -1.5	1
  -0.5	2
   0.5	5
   1.5	1
   2.5	17
   3.5	4
   4.5	5.5
   5.5	11.5
   6.5	6
   7.5	3
   8.5	1
   9.5	3
  10.5	2
  11.5	5.5
  12.5	5
  13.5	3
  14.5	3.5
  15.5	1
  16.5	4
  17.5	3
  18.5	5
  19.5	1
  20.5	3
  21.5	3
  22.5	6
  23.5	1
  24.5	6.5
  25.5	3
  26.5	6
  27.5	5.5
  28.5	1
  29.5	3
  30.5	3
  31.5	4
  32.5	2
  33.5	4
  34.5	3
  35.5	1
  36.5	1
  37.5	2
  38.5	3
  39.5	3
  40.5	1
  41.5	1
  42.5	5.5
  43.5	1
  44.5	2
  45.5	4
  46.5	3
  47.5	4
  48.5	1
  49.5	2
  50.5	1
  51.5	7
  52.5	3
  53.5	6
  54.5	1.5
  55.5	4
  56.5	3
  57.5	2
  58.5	4
  59.5	1
  60.5	2
  61.5	6
  62.5	5.5
  63.5	2
  64.5	6
  65.5	5
  66.5	1
  67.5	3
  68.5	2
  69.5	3
  70.5	3
  71.5	1.5
  72.5	5.5
  73.5	0
  74.5	7
  75.5	4
  76.5	6
  77.5	2
  78.5	4
  79.5	4
  80.5	4
  81.5	4
  82.5	0
  83.5	3
  84.5	1
  85.5	3
  86.5	7
  87.5	3
  88.5	5
  89.5	4
  90.5	4
  91.5	12.5
  92.5	4
  93.5	5
  94.5	4
  95.5	6
  96.5	6
DB 2 MOTIF	RAP2.3_3ary	RAP2.3_3ary
 -96.5	6
 -95.5	1.5
 -94.5	3
 -93.5	4
 -92.5	2.5
 -91.5	1
 -90.5	4
 -89.5	3
 -88.5	4
 -87.5	5
 -86.5	0
 -85.5	2
 -84.5	3
 -83.5	1
 -82.5	1
 -81.5	1
 -80.5	3
 -79.5	5
 -78.5	3.25
 -77.5	2
 -76.5	3
 -75.5	3
 -74.5	3
 -73.5	3
 -72.5	5
 -71.5	4
 -70.5	1
 -69.5	2
 -68.5	3
 -67.5	8
 -66.5	6
 -65.5	1
 -64.5	4
 -63.5	0
 -62.5	3.33333
 -61.5	2
 -60.5	1
 -59.5	2.33333
 -58.5	1
 -57.5	1
 -56.5	6.33333
 -55.5	0
 -54.5	0.5
 -53.5	2
 -52.5	0
 -51.5	6.5
 -50.5	7
 -49.5	1
 -48.5	0
 -47.5	2
 -46.5	5
 -45.5	7
 -44.5	2.5
 -43.5	1
 -42.5	3
 -41.5	3
 -40.5	4
 -39.5	2
 -38.5	2
 -37.5	6.5
 -36.5	1
 -35.5	3
 -34.5	6
 -33.5	2
 -32.5	3
 -31.5	3
 -30.5	3
 -29.5	5
 -28.5	3
 -27.5	2
 -26.5	3
 -25.5	3
 -24.5	8
 -23.5	2.5
 -22.5	3
 -21.5	2
 -20.5	3
 -19.5	1
 -18.5	3
 -17.5	2
 -16.5	0
 -15.5	3.5
 -14.5	7.5
 -13.5	6
 -12.5	2.5
 -11.5	3.5
 -10.5	0
  -9.5	4
  -8.5	3.25
  -7.5	3
  -6.5	1
  -5.5	10.25
  -4.5	2
  -3.5	4
  -2.5	13.25
  -1.5	2
  -0.5	4
   0.5	4
   1.5	2
   2.5	18.5
   3.5	3
   4.5	5.5
   5.5	10.5
   6.5	6
   7.5	2
   8.5	2.5
   9.5	4
  10.5	2
  11.5	7
  12.5	5
  13.5	2
  14.5	5
  15.5	2
  16.5	3
  17.5	4
  18.5	5
  19.5	3
  20.5	4
  21.5	5
  22.5	5
  23.5	0
  24.5	5
  25.5	3
  26.5	4
  27.5	2.5
  28.5	4
  29.5	0
  30.5	5
  31.5	3
  32.5	2
  33.5	4.5
  34.5	2
  35.5	2
  36.5	1
  37.5	1
  38.5	1
  39.5	5
  40.5	2
  41.5	0
  42.5	4
  43.5	1
  44.5	2
  45.5	4
  46.5	5.5
  47.5	4
  48.5	2
  49.5	5
  50.5	1
  51.5	3
  52.5	3
  53.5	8
  54.5	3.5
  55.5	4
  56.5	3
  57.5	2.5
  58.5	2
  59.5	2
  60.5	3
  61.5	7
  62.5	4.5
  63.5	1
  64.5	4
  65.5	6
  66.5	2
  67.5	3
  68.5	4
  69.5	4
  70.5	2
  71.5	2.5
  72.5	5.5
  73.5	1
  74.5	4
  75.5	4
  76.5	4
  77.5	2
  78.5	5
  79.5	6.5
  80.5	5
  81.5	3
  82.5	5
  83.5	3
  84.5	3
  85.5	4
  86.5	5
  87.5	3
  88.5	5
  89.5	4
  90.5	4
  91.5	9
  92.5	5
  93.5	4
  94.5	4
  95.5	3
  96.5	4
DB 2 MOTIF	RAP2.6	RAP2.6
 -96.5	2
 -95.5	2
 -94.5	4
 -93.5	2
 -92.5	0
 -91.5	2
 -90.5	0
 -89.5	2
 -88.5	1
 -87.5	2
 -86.5	2
 -85.5	1
 -84.5	1
 -83.5	3
 -82.5	4
 -81.5	0
 -80.5	0
 -79.5	1
 -78.5	2
 -77.5	1
 -76.5	1
 -75.5	2
 -74.5	1
 -73.5	2
 -72.5	1
 -71.5	3
 -70.5	0
 -69.5	3
 -68.5	5
 -67.5	2
 -66.5	1
 -65.5	2
 -64.5	0
 -63.5	3.25
 -62.5	1
 -61.5	0.583333
 -60.5	3
 -59.5	3
 -58.5	0.333333
 -57.5	1.25
 -56.5	1
 -55.5	0.583333
 -54.5	0
 -53.5	0.5
 -52.5	4
 -51.5	2
 -50.5	1.5
 -49.5	0
 -48.5	3
 -47.5	0
 -46.5	1
 -45.5	3.33333
 -44.5	2
 -43.5	1
 -42.5	2
 -41.5	1.5
 -40.5	4
 -39.5	3
 -38.5	2.5
 -37.5	4
 -36.5	5
 -35.5	2
 -34.5	3
 -33.5	2
 -32.5	1
 -31.5	2
 -30.5	2
 -29.5	0
 -28.5	2.5
 -27.5	3
 -26.5	0.5
 -25.5	6
 -24.5	2
 -23.5	3
 -22.5	2
 -21.5	2
 -20.5	1
 -19.5	1
 -18.5	1
 -17.5	0.5
 -16.5	2
 -15.5	4.33333
 -14.5	3.5
 -13.5	3
 -12.5	3.5
 -11.5	1.5
 -10.5	1
  -9.5	0.5
  -8.5	5
  -7.5	1
  -6.5	5
  -5.5	1
  -4.5	5
  -3.5	13
  -2.5	0
  -1.5	0
  -0.5	8
   0.5	12
   1.5	1
   2.5	2
   3.5	19.5
   4.5	3
   5.5	3.5
   6.5	5
   7.5	1
   8.5	0
   9.5	2
  10.5	1
  11.5	2
  12.5	6
  13.5	5
  14.5	1
  15.5	2
  16.5	0
  17.5	2
  18.5	2.5
  19.5	1
  20.5	2
  21.5	5
  22.5	1
  23.5	4
  24.5	2
  25.5	3
  26.5	3
  27.5	2
  28.5	2
  29.5	1
  30.5	2.5
  31.5	1
  32.5	3
  33.5	0
  34.5	4
  35.5	1
  36.5	1
  37.5	1
  38.5	0
  39.5	1
  40.5	2
  41.5	3
  42.5	2
  43.5	1
  44.5	2
  45.5	5
  46.5	1.33333
  47.5	1
  48.5	1
  49.5	0
  50.5	3
  51.5	1
  52.5	2
  53.5	2.5
  54.5	5.5
  55.5	2
  56.5	5.5
  57.5	0
  58.5	4
  59.5	0
  60.5	1
  61.5	3
  62.5	3
  63.5	2
  64.5	2
  65.5	4
  66.5	1
  67.5	0
  68.5	3
  69.5	2
  70.5	0
  71.5	5
  72.5	0
  73.5	3
  74.5	1
  75.5	3
  76.5	1
  77.5	2
  78.5	4
  79.5	3
  80.5	1
  81.5	2
  82.5	1
  83.5	3
  84.5	1
  85.5	1
  86.5	0
  87.5	2
  88.5	2
  89.5	5
  90.5	5
  91.5	0
  92.5	2
  93.5	3
  94.5	2
  95.5	2
  96.5	4
DB 2 MOTIF	RAP2.6_2	RAP2.6_2
 -96.5	3
 -95.5	1
 -94.5	1
 -93.5	5
 -92.5	2
 -91.5	2
 -90.5	4
 -89.5	2
 -88.5	3
 -87.5	5
 -86.5	3
 -85.5	5
 -84.5	4
 -83.5	3
 -82.5	3
 -81.5	5
 -80.5	1
 -79.5	2
 -78.5	3
 -77.5	3
 -76.5	4
 -75.5	2
 -74.5	2
 -73.5	2
 -72.5	6
 -71.5	7
 -70.5	6
 -69.5	1
 -68.5	4
 -67.5	5
 -66.5	3
 -65.5	1.25
 -64.5	2
 -63.5	3
 -62.5	3.5
 -61.5	3
 -60.5	1
 -59.5	4.25
 -58.5	4
 -57.5	3
 -56.5	5
 -55.5	1
 -54.5	2
 -53.5	0.25
 -52.5	2.5
 -51.5	3
 -50.5	3
 -49.5	1.5
 -48.5	3
 -47.5	5.25
 -46.5	6
 -45.5	2
 -44.5	0.5
 -43.5	2
 -42.5	4
 -41.5	3
 -40.5	3.5
 -39.5	5
 -38.5	2
 -37.5	7
 -36.5	1.5
 -35.5	6
 -34.5	3
 -33.5	3
 -32.5	4
 -31.5	3
 -30.5	1
 -29.5	5
 -28.5	4
 -27.5	4
 -26.5	3
 -25.5	2
 -24.5	4
 -23.5	2
 -22.5	3
 -21.5	3
 -20.5	5
 -19.5	0
 -18.5	4
 -17.5	2
 -16.5	1
 -15.5	2
 -14.5	5.5
 -13.5	3
 -12.5	0
 -11.5	2.5
 -10.5	4
  -9.5	2.5
  -8.5	2
  -7.5	1
  -6.5	3
  -5.5	10
  -4.5	7
  -3.5	2
  -2.5	9
  -1.5	2
  -0.5	4
   0.5	3
   1.5	1
   2.5	10
   3.5	2
   4.5	11.5
   5.5	10.5
   6.5	8
   7.5	2
   8.5	3
   9.5	4
  10.5	4
  11.5	7
  12.5	2
  13.5	4
  14.5	1
  15.5	3
  16.5	4
  17.5	5
  18.5	4
  19.5	0
  20.5	4
  21.5	4
  22.5	5
  23.5	3
  24.5	5
  25.5	1
  26.5	6
  27.5	7.5
  28.5	0
  29.5	2
  30.5	4
  31.5	4
  32.5	2
  33.5	5
  34.5	4.5
  35.5	4
  36.5	3
  37.5	2.5
  38.5	3
  39.5	3
  40.5	3
  41.5	7
  42.5	5
  43.5	1
  44.5	2
  45.5	3
  46.5	1
  47.5	4
  48.5	2
  49.5	3
  50.5	2
  51.5	5
  52.5	6
  53.5	6
  54.5	1.5
  55.5	1
  56.5	6
  57.5	2
  58.5	6
  59.5	3
  60.5	1
  61.5	4
  62.5	5
  63.5	1
  64.5	5
  65.5	8
  66.5	0
  67.5	4
  68.5	4
  69.5	1
  70.5	2
  71.5	4
  72.5	5.5
  73.5	0
  74.5	3
  75.5	2
  76.5	4
  77.5	4
  78.5	0
  79.5	5
  80.5	3
  81.5	2
  82.5	0
  83.5	3
  84.5	2
  85.5	1
  86.5	4
  87.5	3
  88.5	7
  89.5	3
  90.5	2
  91.5	4.5
  92.5	4
  93.5	5
  94.5	1
  95.5	3.5
  96.5	6
DB 2 MOTIF	ATERF1	ATERF1
 -96.5	5
 -95.5	4
 -94.5	6
 -93.5	2
 -92.5	1
 -91.5	3
 -90.5	1
 -89.5	3
 -88.5	4
 -87.5	3
 -86.5	4
 -85.5	2
 -84.5	2
 -83.5	6
 -82.5	1
 -81.5	2
 -80.5	5
 -79.5	1
 -78.5	3
 -77.5	4
 -76.5	2
 -75.5	1
 -74.5	6
 -73.5	5
 -72.5	2.5
 -71.5	2
 -70.5	3
 -69.5	5
 -68.5	8
 -67.5	4
 -66.5	1
 -65.5	4
 -64.5	3.2
 -63.5	5.25
 -62.5	2
 -61.5	1
 -60.5	4.45
 -59.5	3
 -58.5	3.2
 -57.5	3.25
 -56.5	5
 -55.5	5
 -54.5	2.45
 -53.5	1.5
 -52.5	9.2
 -51.5	4
 -50.5	1
 -49.5	1
 -48.5	2.5
 -47.5	2
 -46.5	2
 -45.5	5
 -44.5	5
 -43.5	2.5
 -42.5	1.33333
 -41.5	1
 -40.5	3
 -39.5	5.33333
 -38.5	2.5
 -37.5	4
 -36.5	8
 -35.5	2
 -34.5	4
 -33.5	4
 -32.5	1
 -31.5	4
 -30.5	1
 -29.5	3
 -28.5	2.5
 -27.5	4.5
 -26.5	3.5
 -25.5	3
 -24.5	4
 -23.5	7
 -22.5	3
 -21.5	5
 -20.5	1
 -19.5	4
 -18.5	2
 -17.5	2
 -16.5	3.5
 -15.5	7
 -14.5	3
 -13.5	8
 -12.5	6
 -11.5	1
 -10.5	4.5
  -9.5	1.5
  -8.5	2
  -7.5	3.33333
  -6.5	4
  -5.5	0
  -4.5	6.33333
  -3.5	8
  -2.5	1
  -1.5	6.33333
  -0.5	2
   0.5	2
   1.5	6
   2.5	1
   3.5	20.5
   4.5	5
   5.5	7
   6.5	6
   7.5	6
   8.5	3.5
   9.5	4
  10.5	1.5
  11.5	2
  12.5	5
  13.5	8
  14.5	4
  15.5	5.5
  16.5	2
  17.5	3
  18.5	2.5
  19.5	1.5
  20.5	4.5
  21.5	5.33333
  22.5	4
  23.5	2
  24.5	4
  25.5	7
  26.5	2
  27.5	4
  28.5	2
  29.5	3
  30.5	4.5
  31.5	4
  32.5	2
  33.5	4.5
  34.5	3
  35.5	2.5
  36.5	1
  37.5	2
  38.5	3
  39.5	3
  40.5	3
  41.5	5
  42.5	3
  43.5	3
  44.5	2
  45.5	6
  46.5	0
  47.5	1
  48.5	4
  49.5	2
  50.5	3
  51.5	2
  52.5	2
  53.5	4
  54.5	6
  55.5	5.5
  56.5	7
  57.5	6
  58.5	6
  59.5	3
  60.5	3
  61.5	7
  62.5	5
  63.5	3
  64.5	5
  65.5	3
  66.5	2
  67.5	2
  68.5	4
  69.5	3
  70.5	4
  71.5	5
  72.5	2
  73.5	3
  74.5	3
  75.5	4
  76.5	1
  77.5	3.5
  78.5	5
  79.5	4
  80.5	5
  81.5	8
  82.5	1
  83.5	5
  84.5	5
  85.5	2
  86.5	2
  87.5	1
  88.5	3
  89.5	5
  90.5	5
  91.5	1
  92.5	2.5
  93.5	5.5
  94.5	2
  95.5	4.5
  96.5	4
DB 2 MOTIF	DREB2C	DREB2C
 -96.5	1
 -95.5	1
 -94.5	1
 -93.5	1
 -92.5	3
 -91.5	0
 -90.5	1
 -89.5	3
 -88.5	2
 -87.5	0
 -86.5	1
 -85.5	2
 -84.5	1
 -83.5	0
 -82.5	0
 -81.5	0
 -80.5	1
 -79.5	0
 -78.5	1
 -77.5	3.25
 -76.5	1
 -75.5	0
 -74.5	2
 -73.5	1
 -72.5	0
 -71.5	0
 -70.5	3
 -69.5	5
 -68.5	2
 -67.5	1
 -66.5	1
 -65.5	1
 -64.5	0
 -63.5	0.25
 -62.5	2
 -61.5	0
 -60.5	0.25
 -59.5	1
 -58.5	1
 -57.5	1.25
 -56.5	1
 -55.5	0
 -54.5	1.25
 -53.5	0
 -52.5	2
 -51.5	1
 -50.5	1
 -49.5	1.33333
 -48.5	3
 -47.5	3
 -46.5	0.333333
 -45.5	0
 -44.5	1
 -43.5	0.333333
 -42.5	1.33333
 -41.5	0
 -40.5	1
 -39.5	2.33333
 -38.5	1
 -37.5	2
 -36.5	1.5
 -35.5	1
 -34.5	1
 -33.5	3.5
 -32.5	1
 -31.5	0
 -30.5	3
 -29.5	2
 -28.5	1
 -27.5	0
 -26.5	1
 -25.5	3
 -24.5	1
 -23.5	0
 -22.5	2
 -21.5	1
 -20.5	3
 -19.5	1
 -18.5	2.5
 -17.5	2
 -16.5	1.5
 -15.5	1.33333
 -14.5	1
 -13.5	2.5
 -12.5	0
 -11.5	0
 -10.5	6
  -9.5	0
  -8.5	2
  -7.5	3.08333
  -6.5	5
  -5.5	0
  -4.5	5.58333
  -3.5	0
  -2.5	0
  -1.5	9.58333
  -0.5	0
   0.5	1
   1.5	6
   2.5	2
   3.5	3
   4.5	6.5
   5.5	2
   6.5	0
   7.5	3
   8.5	1
   9.5	1
  10.5	0.5
  11.5	3
  12.5	2
  13.5	1.5
  14.5	2
  15.5	1
  16.5	3
  17.5	0.5
  18.5	0
  19.5	1
  20.5	1.5
  21.5	1.33333
  22.5	2
  23.5	2
  24.5	1
  25.5	1
  26.5	3
  27.5	1
  28.5	4.33333
  29.5	1.5
  30.5	2
  31.5	1
  32.5	4
  33.5	0
  34.5	0
  35.5	1
  36.5	2
  37.5	0
  38.5	3
  39.5	1
  40.5	0
  41.5	0
  42.5	0
  43.5	1
  44.5	0
  45.5	1
  46.5	1
  47.5	0
  48.5	2
  49.5	0
  50.5	0
  51.5	3
  52.5	3
  53.5	0
  54.5	3
  55.5	2
  56.5	0
  57.5	3
  58.5	4
  59.5	0
  60.5	1
  61.5	1
  62.5	0
  63.5	5
  64.5	1
  65.5	2
  66.5	2
  67.5	1
  68.5	0
  69.5	0
  70.5	1
  71.5	0
  72.5	2
  73.5	0
  74.5	0
  75.5	1.5
  76.5	0
  77.5	1
  78.5	1.33333
  79.5	3
  80.5	1
  81.5	0
  82.5	2
  83.5	3
  84.5	1
  85.5	0
  86.5	1
  87.5	0
  88.5	2
  89.5	3
  90.5	1
  91.5	3
  92.5	1
  93.5	3
  94.5	2
  95.5	2
  96.5	1.5
DB 2 MOTIF	DREB2C_2	DREB2C_2
 -96.5	5
 -95.5	1.5
 -94.5	2
 -93.5	4
 -92.5	4
 -91.5	2
 -90.5	2
 -89.5	2
 -88.5	3
 -87.5	2
 -86.5	6.5
 -85.5	2
 -84.5	0
 -83.5	1.83333
 -82.5	1
 -81.5	2
 -80.5	1
 -79.5	2
 -78.5	3.5
 -77.5	2
 -76.5	0
 -75.5	3
 -74.5	1
 -73.5	2
 -72.5	1
 -71.5	2
 -70.5	0
 -69.5	2
 -68.5	3.5
 -67.5	2
 -66.5	3
 -65.5	1
 -64.5	3
 -63.5	1
 -62.5	2.5
 -61.5	4
 -60.5	2
 -59.5	2
 -58.5	2
 -57.5	3.5
 -56.5	5
 -55.5	0
 -54.5	0
 -53.5	3
 -52.5	1
 -51.5	3
 -50.5	2
 -49.5	2
 -48.5	1
 -47.5	1
 -46.5	4
 -45.5	3
 -44.5	1
 -43.5	4
 -42.5	5
 -41.5	0
 -40.5	3
 -39.5	0
 -38.5	1
 -37.5	4
 -36.5	3
 -35.5	1
 -34.5	2.5
 -33.5	1
 -32.5	4
 -31.5	3
 -30.5	4
 -29.5	6
 -28.5	5
 -27.5	2
 -26.5	1
 -25.5	2
 -24.5	2
 -23.5	3
 -22.5	0
 -21.5	0
 -20.5	1
 -19.5	1
 -18.5	1
 -17.5	2
 -16.5	0
 -15.5	4.5
 -14.5	5
 -13.5	3
 -12.5	1
 -11.5	2.5
 -10.5	2
  -9.5	5
  -8.5	3
  -7.5	1
  -6.5	1
  -5.5	9
  -4.5	1
  -3.5	1
  -2.5	2
  -1.5	0
  -0.5	40
   0.5	33.3333
   1.5	0
   2.5	1
   3.5	3
   4.5	2.5
   5.5	4
   6.5	5
   7.5	0
   8.5	2
   9.5	5
  10.5	1
  11.5	7
  12.5	1
  13.5	0
  14.5	3
  15.5	3
  16.5	1
  17.5	2
  18.5	2
  19.5	0
  20.5	3
  21.5	2
  22.5	1
  23.5	2
  24.5	6
  25.5	1
  26.5	4
  27.5	3
  28.5	2
  29.5	3
  30.5	3
  31.5	1
  32.5	2
  33.5	1
  34.5	1
  35.5	4
  36.5	2
  37.5	1
  38.5	4
  39.5	6
  40.5	2
  41.5	3
  42.5	4
  43.5	1
  44.5	3
  45.5	5.33333
  46.5	3.5
  47.5	1
  48.5	0
  49.5	1
  50.5	1
  51.5	4.5
  52.5	2
  53.5	4
  54.5	3.5
  55.5	3
  56.5	0
  57.5	5
  58.5	1
  59.5	2
  60.5	2
  61.5	6
  62.5	4
  63.5	0
  64.5	3
  65.5	2
  66.5	0
  67.5	4
  68.5	4
  69.5	2
  70.5	2
  71.5	0.5
  72.5	5
  73.5	2
  74.5	4.5
  75.5	5
  76.5	4
  77.5	3.5
  78.5	2
  79.5	0
  80.5	3
  81.5	4
  82.5	2
  83.5	5
  84.5	3
  85.5	0
  86.5	4.5
  87.5	0
  88.5	0
  89.5	3
  90.5	1
  91.5	2
  92.5	2
  93.5	2
  94.5	2
  95.5	3
  96.5	1
DB 2 MOTIF	At1g77200	At1g77200
 -96.5	3
 -95.5	1
 -94.5	2
 -93.5	2
 -92.5	1
 -91.5	0
 -90.5	0
 -89.5	2
 -88.5	3
 -87.5	2
 -86.5	2
 -85.5	1
 -84.5	0
 -83.5	1
 -82.5	1
 -81.5	2
 -80.5	2
 -79.5	2
 -78.5	3
 -77.5	3
 -76.5	1
 -75.5	3
 -74.5	2
 -73.5	3
 -72.5	0
 -71.5	1
 -70.5	1
 -69.5	1
 -68.5	1.5
 -67.5	2
 -66.5	2
 -65.5	1
 -64.5	1
 -63.5	2
 -62.5	2
 -61.5	4
 -60.5	1
 -59.5	2
 -58.5	0
 -57.5	3.5
 -56.5	3
 -55.5	1
 -54.5	1
 -53.5	0
 -52.5	1
 -51.5	2
 -50.5	1
 -49.5	2
 -48.5	0
 -47.5	3
 -46.5	5
 -45.5	3.5
 -44.5	1
 -43.5	4
 -42.5	3
 -41.5	0
 -40.5	1
 -39.5	0
 -38.5	0
 -37.5	1
 -36.5	3
 -35.5	0
 -34.5	1.5
 -33.5	2
 -32.5	4
 -31.5	1
 -30.5	3
 -29.5	2
 -28.5	3
 -27.5	1
 -26.5	2
 -25.5	2
 -24.5	1
 -23.5	3
 -22.5	0
 -21.5	1
 -20.5	0
 -19.5	1
 -18.5	1
 -17.5	1
 -16.5	1
 -15.5	3
 -14.5	1
 -13.5	0
 -12.5	1
 -11.5	1.5
 -10.5	1
  -9.5	2
  -8.5	2
  -7.5	0
  -6.5	2
  -5.5	4.5
  -4.5	1
  -3.5	1
  -2.5	0
  -1.5	0
  -0.5	20
   0.5	12
   1.5	0
   2.5	1
   3.5	2
   4.5	2
   5.5	1
   6.5	2.5
   7.5	0
   8.5	3
   9.5	2
  10.5	2
  11.5	4
  12.5	1
  13.5	1
  14.5	4
  15.5	2
  16.5	1
  17.5	1
  18.5	2
  19.5	0
  20.5	2
  21.5	2
  22.5	2
  23.5	0
  24.5	2
  25.5	1
  26.5	3
  27.5	0
  28.5	2
  29.5	1
  30.5	1
  31.5	2
  32.5	0
  33.5	2
  34.5	0
  35.5	2
  36.5	2
  37.5	1
  38.5	3
  39.5	5
  40.5	2
  41.5	2
  42.5	4
  43.5	1
  44.5	3
  45.5	2
  46.5	1.5
  47.5	0
  48.5	0
  49.5	1
  50.5	1
  51.5	2.5
  52.5	1
  53.5	1
  54.5	2
  55.5	2
  56.5	0
  57.5	2
  58.5	0
  59.5	2
  60.5	1
  61.5	1
  62.5	2
  63.5	0
  64.5	1
  65.5	0
  66.5	0
  67.5	1
  68.5	4
  69.5	0
  70.5	2
  71.5	1
  72.5	1
  73.5	0
  74.5	1
  75.5	5
  76.5	2
  77.5	3
  78.5	1
  79.5	0
  80.5	5
  81.5	3
  82.5	2
  83.5	4
  84.5	2
  85.5	0
  86.5	3.5
  87.5	0
  88.5	0
  89.5	2
  90.5	0
  91.5	0
  92.5	2
  93.5	1
  94.5	1
  95.5	2
  96.5	1
DB 2 MOTIF	ORA47	ORA47
 -96.5	4
 -95.5	3
 -94.5	3
 -93.5	1.5
 -92.5	2
 -91.5	1
 -90.5	1.5
 -89.5	3
 -88.5	2
 -87.5	5.5
 -86.5	1.5
 -85.5	1
 -84.5	1
 -83.5	1
 -82.5	2
 -81.5	1
 -80.5	1
 -79.5	1
 -78.5	4
 -77.5	1
 -76.5	0
 -75.5	2
 -74.5	6
 -73.5	1
 -72.5	6
 -71.5	2
 -70.5	0
 -69.5	3.5
 -68.5	1.5
 -67.5	7
 -66.5	3
 -65.5	4
 -64.5	1
 -63.5	1
 -62.5	2
 -61.5	3
 -60.5	3
 -59.5	1
 -58.5	2
 -57.5	2
 -56.5	2
 -55.5	1.5
 -54.5	5
 -53.5	4.5
 -52.5	3
 -51.5	1
 -50.5	4
 -49.5	4
 -48.5	1
 -47.5	4
 -46.5	2
 -45.5	1
 -44.5	1
 -43.5	2
 -42.5	1
 -41.5	4
 -40.5	1.5
 -39.5	5
 -38.5	0.5
 -37.5	0
 -36.5	1
 -35.5	2.5
 -34.5	1
 -33.5	2
 -32.5	4
 -31.5	2
 -30.5	0
 -29.5	2
 -28.5	1
 -27.5	2
 -26.5	2
 -25.5	0
 -24.5	2
 -23.5	2
 -22.5	2
 -21.5	2
 -20.5	2
 -19.5	3
 -18.5	0
 -17.5	1
 -16.5	6
 -15.5	3
 -14.5	1
 -13.5	1
 -12.5	4
 -11.5	1
 -10.5	0
  -9.5	1
  -8.5	3
  -7.5	1
  -6.5	2
  -5.5	2
  -4.5	4
  -3.5	0
  -2.5	1
  -1.5	16
  -0.5	0
   0.5	0
   1.5	15
   2.5	3
   3.5	1
   4.5	1
   5.5	5
   6.5	4
   7.5	5
   8.5	3
   9.5	1
  10.5	2
  11.5	3.5
  12.5	3.5
  13.5	1
  14.5	4
  15.5	2.5
  16.5	1
  17.5	3
  18.5	3
  19.5	1
  20.5	1
  21.5	0
  22.5	2
  23.5	2
  24.5	4
  25.5	2
  26.5	2
  27.5	3
  28.5	3
  29.5	4
  30.5	3
  31.5	1
  32.5	0
  33.5	2
  34.5	2
  35.5	3
  36.5	0
  37.5	3
  38.5	4
  39.5	2
  40.5	2.5
  41.5	3
  42.5	4
  43.5	2
  44.5	3
  45.5	2
  46.5	3
  47.5	0
  48.5	2
  49.5	0
  50.5	2
  51.5	2
  52.5	1
  53.5	0
  54.5	2
  55.5	3
  56.5	3
  57.5	0
  58.5	4
  59.5	1
  60.5	5
  61.5	0.5
  62.5	4.5
  63.5	2
  64.5	3
  65.5	2
  66.5	5.25
  67.5	4.5
  68.5	0.25
  69.5	5
  70.5	1.25
  71.5	3
  72.5	0.25
  73.5	3
  74.5	3
  75.5	4
  76.5	3
  77.5	5
  78.5	4
  79.5	2
  80.5	2
  81.5	2
  82.5	0
  83.5	2.5
  84.5	1
  85.5	4.5
  86.5	1
  87.5	3
  88.5	0
  89.5	3
  90.5	0
  91.5	1
  92.5	3
  93.5	1
  94.5	3
  95.5	3
  96.5	2
DB 2 MOTIF	ORA47_2	ORA47_2
 -96.5	3
 -95.5	4
 -94.5	3
 -93.5	3
 -92.5	2
 -91.5	2
 -90.5	0
 -89.5	4
 -88.5	2
 -87.5	4
 -86.5	3
 -85.5	1
 -84.5	0
 -83.5	3
 -82.5	5
 -81.5	0
 -80.5	2
 -79.5	1
 -78.5	2
 -77.5	1
 -76.5	2
 -75.5	3
 -74.5	4
 -73.5	4
 -72.5	1
 -71.5	4
 -70.5	1
 -69.5	3
 -68.5	3
 -67.5	4
 -66.5	1
 -65.5	4
 -64.5	0
 -63.5	3
 -62.5	2
 -61.5	1.33333
 -60.5	5
 -59.5	3
 -58.5	0.333333
 -57.5	3
 -56.5	3
 -55.5	2.33333
 -54.5	2
 -53.5	0.5
 -52.5	6
 -51.5	2
 -50.5	2.5
 -49.5	1
 -48.5	3
 -47.5	1
 -46.5	2
 -45.5	3
 -44.5	2
 -43.5	1
 -42.5	4
 -41.5	2.5
 -40.5	5
 -39.5	2
 -38.5	3.5
 -37.5	4
 -36.5	1
 -35.5	1
 -34.5	3
 -33.5	2
 -32.5	1
 -31.5	3
 -30.5	2
 -29.5	0
 -28.5	2.5
 -27.5	4
 -26.5	0.5
 -25.5	6
 -24.5	5
 -23.5	3
 -22.5	3
 -21.5	3
 -20.5	1.5
 -19.5	1
 -18.5	1.5
 -17.5	1.5
 -16.5	3
 -15.5	5
 -14.5	3.5
 -13.5	3
 -12.5	5.5
 -11.5	1.5
 -10.5	2
  -9.5	1.5
  -8.5	4
  -7.5	1
  -6.5	5
  -5.5	3
  -4.5	9
  -3.5	10
  -2.5	0
  -1.5	1
  -0.5	20
   0.5	22
   1.5	1
   2.5	2
   3.5	18.5
   4.5	5
   5.5	5.5
   6.5	5
   7.5	3
   8.5	1
   9.5	3
  10.5	2
  11.5	2
  12.5	6
  13.5	6
  14.5	4
  15.5	5
  16.5	1
  17.5	2
  18.5	2.5
  19.5	0
  20.5	4
  21.5	4
  22.5	3.5
  23.5	2
  24.5	1
  25.5	1
  26.5	3
  27.5	4
  28.5	0
  29.5	2
  30.5	4.5
  31.5	1
  32.5	2
  33.5	1.5
  34.5	3
  35.5	1.5
  36.5	1
  37.5	2
  38.5	2
  39.5	1
  40.5	3
  41.5	3
  42.5	0
  43.5	2
  44.5	4
  45.5	4
  46.5	3
  47.5	1
  48.5	1
  49.5	0
  50.5	4.5
  51.5	1
  52.5	3
  53.5	3.5
  54.5	5
  55.5	2.5
  56.5	7
  57.5	1
  58.5	6
  59.5	0
  60.5	3
  61.5	5
  62.5	4
  63.5	2
  64.5	3
  65.5	5
  66.5	1
  67.5	1
  68.5	4
  69.5	2
  70.5	0
  71.5	4
  72.5	0
  73.5	3
  74.5	0
  75.5	3
  76.5	2
  77.5	1
  78.5	2
  79.5	4
  80.5	1
  81.5	3.5
  82.5	3
  83.5	2
  84.5	2
  85.5	3
  86.5	0
  87.5	1.5
  88.5	4
  89.5	3
  90.5	4
  91.5	1
  92.5	4
  93.5	2
  94.5	3
  95.5	4.5
  96.5	3
DB 2 MOTIF	DEAR4	DEAR4
 -96.5	2
 -95.5	1
 -94.5	2
 -93.5	4
 -92.5	1
 -91.5	1
 -90.5	0
 -89.5	1
 -88.5	3
 -87.5	4
 -86.5	0
 -85.5	1
 -84.5	0
 -83.5	1
 -82.5	1
 -81.5	2
 -80.5	1
 -79.5	1
 -78.5	3
 -77.5	1
 -76.5	1
 -75.5	2
 -74.5	1
 -73.5	2
 -72.5	0
 -71.5	2
 -70.5	1
 -69.5	0
 -68.5	1.5
 -67.5	2
 -66.5	1
 -65.5	0
 -64.5	2
 -63.5	0
 -62.5	1
 -61.5	2
 -60.5	0
 -59.5	1
 -58.5	1
 -57.5	3.5
 -56.5	3
 -55.5	1
 -54.5	0
 -53.5	2
 -52.5	1
 -51.5	3
 -50.5	1
 -49.5	1
 -48.5	0
 -47.5	2
 -46.5	5
 -45.5	4
 -44.5	1
 -43.5	3
 -42.5	2
 -41.5	0
 -40.5	2
 -39.5	0
 -38.5	1
 -37.5	1
 -36.5	2
 -35.5	0
 -34.5	1.5
 -33.5	1
 -32.5	3
 -31.5	1
 -30.5	3
 -29.5	2
 -28.5	1
 -27.5	2
 -26.5	0
 -25.5	3
 -24.5	2
 -23.5	1
 -22.5	0
 -21.5	0
 -20.5	0
 -19.5	1
 -18.5	0
 -17.5	3
 -16.5	1
 -15.5	2
 -14.5	4
 -13.5	1
 -12.5	1
 -11.5	2
 -10.5	1
  -9.5	4
  -8.5	2
  -7.5	0
  -6.5	1
  -5.5	5.5
  -4.5	1
  -3.5	1
  -2.5	0
  -1.5	0
  -0.5	26
   0.5	18
   1.5	0
   2.5	0
   3.5	3
   4.5	2.5
   5.5	2
   6.5	1
   7.5	0
   8.5	2
   9.5	2
  10.5	1.5
  11.5	5
  12.5	2
  13.5	0
  14.5	3.5
  15.5	1
  16.5	1
  17.5	2
  18.5	1
  19.5	1
  20.5	2
  21.5	1
  22.5	1
  23.5	0
  24.5	2
  25.5	1
  26.5	0
  27.5	1
  28.5	1
  29.5	0
  30.5	2
  31.5	2
  32.5	0
  33.5	0
  34.5	1
  35.5	2
  36.5	0
  37.5	1
  38.5	4
  39.5	3
  40.5	2
  41.5	2
  42.5	4
  43.5	1
  44.5	4
  45.5	3
  46.5	1.5
  47.5	2
  48.5	0
  49.5	1
  50.5	1
  51.5	2.5
  52.5	1
  53.5	3
  54.5	1
  55.5	3
  56.5	0
  57.5	3
  58.5	0
  59.5	3
  60.5	1
  61.5	2
  62.5	3
  63.5	0
  64.5	2
  65.5	1
  66.5	0
  67.5	1
  68.5	3
  69.5	2
  70.5	2
  71.5	0
  72.5	1
  73.5	0
  74.5	1
  75.5	5
  76.5	4
  77.5	4
  78.5	1
  79.5	1
  80.5	3
  81.5	3
  82.5	0
  83.5	3
  84.5	0
  85.5	0
  86.5	3.5
  87.5	0
  88.5	0
  89.5	2
  90.5	0
  91.5	0
  92.5	2
  93.5	2
  94.5	0
  95.5	2
  96.5	1
DB 2 MOTIF	DEAR4_2	DEAR4_2
 -96.5	2
 -95.5	3
 -94.5	3
 -93.5	4
 -92.5	0
 -91.5	2
 -90.5	0
 -89.5	4
 -88.5	2
 -87.5	3
 -86.5	3
 -85.5	2
 -84.5	2.33333
 -83.5	3
 -82.5	5
 -81.5	0
 -80.5	4
 -79.5	1
 -78.5	0
 -77.5	0
 -76.5	2
 -75.5	4
 -74.5	2
 -73.5	2
 -72.5	2
 -71.5	4
 -70.5	1
 -69.5	4
 -68.5	4
 -67.5	3
 -66.5	2
 -65.5	2
 -64.5	0
 -63.5	5
 -62.5	1
 -61.5	2.33333
 -60.5	4
 -59.5	3
 -58.5	1.33333
 -57.5	2
 -56.5	4
 -55.5	1.33333
 -54.5	0
 -53.5	3.5
 -52.5	3
 -51.5	2
 -50.5	3.5
 -49.5	2
 -48.5	2
 -47.5	1
 -46.5	1
 -45.5	3
 -44.5	2
 -43.5	2
 -42.5	3
 -41.5	2.5
 -40.5	4
 -39.5	2
 -38.5	2.5
 -37.5	3
 -36.5	3
 -35.5	3
 -34.5	2
 -33.5	1
 -32.5	1
 -31.5	3
 -30.5	0
 -29.5	3
 -28.5	3.5
 -27.5	2
 -26.5	1.5
 -25.5	5
 -24.5	2
 -23.5	2
 -22.5	2.5
 -21.5	3
 -20.5	1
 -19.5	1
 -18.5	1.5
 -17.5	0.5
 -16.5	2.5
 -15.5	7
 -14.5	2.5
 -13.5	4
 -12.5	5.5
 -11.5	1.5
 -10.5	1
  -9.5	1.5
  -8.5	5
  -7.5	2
  -6.5	4
  -5.5	2
  -4.5	6.5
  -3.5	11
  -2.5	1
  -1.5	0
  -0.5	29.8333
   0.5	28
   1.5	0
   2.5	0
   3.5	18.5
   4.5	2
   5.5	5.5
   6.5	5
   7.5	1
   8.5	0
   9.5	1
  10.5	0
  11.5	1
  12.5	4
  13.5	5
  14.5	2
  15.5	3
  16.5	0
  17.5	4
  18.5	2.5
  19.5	3
  20.5	2
  21.5	6
  22.5	3
  23.5	3
  24.5	3
  25.5	0
  26.5	2
  27.5	4
  28.5	1
  29.5	3
  30.5	2.5
  31.5	1
  32.5	3.5
  33.5	0.5
  34.5	3
  35.5	1.5
  36.5	1
  37.5	1
  38.5	1
  39.5	1
  40.5	2
  41.5	2
  42.5	1
  43.5	2
  44.5	2.33333
  45.5	3
  46.5	2
  47.5	0
  48.5	1
  49.5	1
  50.5	1.5
  51.5	3
  52.5	3
  53.5	2.5
  54.5	5
  55.5	2
  56.5	8
  57.5	2
  58.5	4
  59.5	0
  60.5	3
  61.5	4
  62.5	5
  63.5	1
  64.5	3
  65.5	5
  66.5	2
  67.5	1
  68.5	3
  69.5	2
  70.5	1
  71.5	4
  72.5	0
  73.5	4
  74.5	1
  75.5	2
  76.5	2
  77.5	2
  78.5	2
  79.5	3
  80.5	2
  81.5	3
  82.5	4
  83.5	4
  84.5	2
  85.5	2
  86.5	1
  87.5	1
  88.5	3
  89.5	3
  90.5	7
  91.5	0
  92.5	4
  93.5	4.5
  94.5	5
  95.5	6
  96.5	4
DB 2 MOTIF	DEAR3	DEAR3
 -96.5	7
 -95.5	4
 -94.5	1
 -93.5	5
 -92.5	2.5
 -91.5	2
 -90.5	5
 -89.5	3
 -88.5	3
 -87.5	2
 -86.5	4
 -85.5	5
 -84.5	7
 -83.5	3.33333
 -82.5	1
 -81.5	4
 -80.5	1
 -79.5	5
 -78.5	1
 -77.5	3
 -76.5	0
 -75.5	6
 -74.5	4
 -73.5	1
 -72.5	10
 -71.5	2
 -70.5	4
 -69.5	1
 -68.5	7
 -67.5	1.5
 -66.5	8
 -65.5	4
 -64.5	7
 -63.5	3
 -62.5	4.33333
 -61.5	6
 -60.5	4.14286
 -59.5	4.33333
 -58.5	2.5
 -57.5	2.14286
 -56.5	5.33333
 -55.5	1
 -54.5	2.5
 -53.5	3
 -52.5	3
 -51.5	5
 -50.5	4.33333
 -49.5	2
 -48.5	5
 -47.5	4.33333
 -46.5	3
 -45.5	1.5
 -44.5	3.33333
 -43.5	2.5
 -42.5	4
 -41.5	3
 -40.5	6.5
 -39.5	1
 -38.5	6.33333
 -37.5	3
 -36.5	1
 -35.5	3.83333
 -34.5	4
 -33.5	3
 -32.5	4.33333
 -31.5	2
 -30.5	1.5
 -29.5	3
 -28.5	4
 -27.5	5
 -26.5	5
 -25.5	4
 -24.5	4.5
 -23.5	3
 -22.5	1
 -21.5	2.5
 -20.5	5.5
 -19.5	3
 -18.5	0
 -17.5	5
 -16.5	1
 -15.5	3.66667
 -14.5	4
 -13.5	5
 -12.5	2.66667
 -11.5	5.5
 -10.5	1
  -9.5	2
  -8.5	5
  -7.5	1
  -6.5	1.16667
  -5.5	9
  -4.5	4
  -3.5	4.16667
  -2.5	23
  -1.5	0
  -0.5	46
   0.5	36.8333
   1.5	1
   2.5	29
   3.5	9.5
   4.5	4.5
   5.5	1.5
   6.5	8
   7.5	3
   8.5	2
   9.5	0
  10.5	5
  11.5	4.5
  12.5	4
  13.5	3
  14.5	4.5
  15.5	2.5
  16.5	3
  17.5	2
  18.5	3.5
  19.5	2
  20.5	2
  21.5	5
  22.5	7
  23.5	4
  24.5	1
  25.5	1
  26.5	2
  27.5	4
  28.5	3
  29.5	3
  30.5	4
  31.5	3
  32.5	2
  33.5	1
  34.5	2
  35.5	2
  36.5	1
  37.5	3
  38.5	1
  39.5	5
  40.5	3
  41.5	0
  42.5	6
  43.5	3
  44.5	3
  45.5	4.33333
  46.5	6.66667
  47.5	2
  48.5	3
  49.5	3.16667
  50.5	1
  51.5	3.5
  52.5	5
  53.5	5
  54.5	4.5
  55.5	5
  56.5	1
  57.5	3.5
  58.5	1
  59.5	3
  60.5	3
  61.5	9
  62.5	4
  63.5	6
  64.5	5
  65.5	4
  66.5	4
  67.5	5
  68.5	3
  69.5	5
  70.5	4
  71.5	6
  72.5	5
  73.5	0.142857
  74.5	5.5
  75.5	2
  76.5	2.14286
  77.5	1.5
  78.5	3
  79.5	3.14286
  80.5	3
  81.5	2.5
  82.5	7.14286
  83.5	3.5
  84.5	8
  85.5	1
  86.5	5
  87.5	2
  88.5	2.14286
  89.5	5
  90.5	4
  91.5	3
  92.5	2.5
  93.5	2
  94.5	2
  95.5	7
  96.5	4
DB 2 MOTIF	DEAR3_2	DEAR3_2
 -96.5	5.33333
 -95.5	5
 -94.5	2
 -93.5	1.5
 -92.5	1.5
 -91.5	2
 -90.5	1
 -89.5	1
 -88.5	4
 -87.5	5
 -86.5	1
 -85.5	4
 -84.5	3
 -83.5	0
 -82.5	0
 -81.5	1
 -80.5	1
 -79.5	3
 -78.5	2
 -77.5	3
 -76.5	5
 -75.5	2
 -74.5	4
 -73.5	0
 -72.5	3.5
 -71.5	4
 -70.5	6
 -69.5	0
 -68.5	2
 -67.5	4.5
 -66.5	4.5
 -65.5	3
 -64.5	3.33333
 -63.5	2
 -62.5	4
 -61.5	2
 -60.5	2
 -59.5	6.33333
 -58.5	2
 -57.5	4
 -56.5	1
 -55.5	6
 -54.5	2.5
 -53.5	4
 -52.5	6.5
 -51.5	1
 -50.5	1
 -49.5	2
 -48.5	6
 -47.5	2
 -46.5	1
 -45.5	4
 -44.5	7
 -43.5	4
 -42.5	3
 -41.5	4
 -40.5	3
 -39.5	2
 -38.5	3.5
 -37.5	2
 -36.5	0
 -35.5	2
 -34.5	3
 -33.5	5.5
 -32.5	5
 -31.5	6
 -30.5	6.5
 -29.5	3
 -28.5	3
 -27.5	3.5
 -26.5	1
 -25.5	4
 -24.5	7
 -23.5	2
 -22.5	3
 -21.5	1
 -20.5	2
 -19.5	2
 -18.5	1
 -17.5	3
 -16.5	3
 -15.5	2
 -14.5	9
 -13.5	3.5
 -12.5	2.5
 -11.5	2.5
 -10.5	3
  -9.5	4
  -8.5	2
  -7.5	2
  -6.5	8
  -5.5	1
  -4.5	1
  -3.5	5.5
  -2.5	1
  -1.5	0
  -0.5	11
   0.5	24.5
   1.5	0
   2.5	0
   3.5	11
   4.5	4
   5.5	1
   6.5	5
   7.5	1
   8.5	3
   9.5	1.33333
  10.5	3
  11.5	1
  12.5	2.5
  13.5	1.33333
  14.5	1
  15.5	3
  16.5	5
  17.5	5.83333
  18.5	1
  19.5	5
  20.5	5
  21.5	2
  22.5	4
  23.5	1.5
  24.5	0
  25.5	0
  26.5	1
  27.5	7
  28.5	2
  29.5	1.5
  30.5	5
  31.5	3.5
  32.5	2
  33.5	2
  34.5	4
  35.5	4
  36.5	4
  37.5	3
  38.5	2.5
  39.5	2
  40.5	4
  41.5	2
  42.5	4
  43.5	3
  44.5	8
  45.5	1
  46.5	1
  47.5	1
  48.5	0
  49.5	4
  50.5	3
  51.5	2
  52.5	3.5
  53.5	1
  54.5	5
  55.5	0
  56.5	1
  57.5	3
  58.5	4
  59.5	3
  60.5	6.5
  61.5	2
  62.5	6
  63.5	5
  64.5	3
  65.5	1
  66.5	2
  67.5	2
  68.5	4
  69.5	6
  70.5	4
  71.5	3
  72.5	3
  73.5	4.5
  74.5	3
  75.5	6
  76.5	1
  77.5	3
  78.5	2
  79.5	3
  80.5	7
  81.5	2
  82.5	2
  83.5	3
  84.5	4
  85.5	6
  86.5	4
  87.5	2
  88.5	3.5
  89.5	3
  90.5	3
  91.5	3
  92.5	4
  93.5	0
  94.5	1
  95.5	1
  96.5	8
DB 2 MOTIF	TOE2	TOE2
 -96.5	2
 -95.5	3
 -94.5	0.5
 -93.5	1
 -92.5	2.5
 -91.5	1
 -90.5	5
 -89.5	2
 -88.5	2
 -87.5	1
 -86.5	2
 -85.5	3
 -84.5	1
 -83.5	2
 -82.5	2
 -81.5	1
 -80.5	0
 -79.5	1
 -78.5	1
 -77.5	2
 -76.5	3
 -75.5	4
 -74.5	1
 -73.5	5
 -72.5	3
 -71.5	3
 -70.5	3
 -69.5	3
 -68.5	0
 -67.5	1
 -66.5	1.5
 -65.5	1.5
 -64.5	3
 -63.5	1
 -62.5	4
 -61.5	2
 -60.5	4
 -59.5	2.5
 -58.5	5
 -57.5	1
 -56.5	2
 -55.5	1
 -54.5	3
 -53.5	5
 -52.5	1
 -51.5	4.33333
 -50.5	3
 -49.5	1
 -48.5	1
 -47.5	1
 -46.5	1
 -45.5	2
 -44.5	2
 -43.5	3
 -42.5	5
 -41.5	1
 -40.5	0
 -39.5	1.33333
 -38.5	3
 -37.5	1
 -36.5	2
 -35.5	3
 -34.5	4
 -33.5	3.33333
 -32.5	1
 -31.5	3
 -30.5	1
 -29.5	4
 -28.5	2
 -27.5	2.33333
 -26.5	5
 -25.5	1
 -24.5	1
 -23.5	0
 -22.5	4
 -21.5	1
 -20.5	5.5
 -19.5	1
 -18.5	1
 -17.5	5
 -16.5	4
 -15.5	3
 -14.5	3
 -13.5	6
 -12.5	4
 -11.5	0
 -10.5	2.5
  -9.5	2
  -8.5	4.5
  -7.5	5.5
  -6.5	0.333333
  -5.5	1
  -4.5	12
  -3.5	3
  -2.5	2
  -1.5	0
  -0.5	15.5
   0.5	12.5
   1.5	0
   2.5	1
   3.5	0
   4.5	11
   5.5	3
   6.5	2
   7.5	1
   8.5	2
   9.5	4
  10.5	3
  11.5	2
  12.5	3
  13.5	4
  14.5	1.5
  15.5	0
  16.5	1
  17.5	4.33333
  18.5	4
  19.5	6
  20.5	2
  21.5	1
  22.5	2.33333
  23.5	3
  24.5	4
  25.5	2
  26.5	1
  27.5	0.333333
  28.5	1
  29.5	1
  30.5	5
  31.5	6
  32.5	4
  33.5	0
  34.5	5
  35.5	3
  36.5	1
  37.5	2
  38.5	3.33333
  39.5	4
  40.5	3.5
  41.5	0
  42.5	3
  43.5	2
  44.5	4
  45.5	3
  46.5	6
  47.5	0
  48.5	4
  49.5	5
  50.5	4
  51.5	0.5
  52.5	4
  53.5	1
  54.5	0
  55.5	3
  56.5	4
  57.5	3
  58.5	3.5
  59.5	4
  60.5	4
  61.5	1
  62.5	1
  63.5	3
  64.5	2.5
  65.5	2
  66.5	2
  67.5	2
  68.5	2
  69.5	2
  70.5	1
  71.5	2
  72.5	0
  73.5	3
  74.5	2
  75.5	4
  76.5	3
  77.5	4
  78.5	0
  79.5	1
  80.5	3
  81.5	5
  82.5	1
  83.5	3
  84.5	5
  85.5	2
  86.5	1.5
  87.5	5
  88.5	1
  89.5	4
  90.5	0
  91.5	2
  92.5	1
  93.5	2.5
  94.5	5
  95.5	2
  96.5	3
DB 2 MOTIF	TOE2_2	TOE2_2
 -96.5	1
 -95.5	1
 -94.5	5.5
 -93.5	0
 -92.5	1.5
 -91.5	4
 -90.5	1
 -89.5	2
 -88.5	2
 -87.5	3
 -86.5	0
 -85.5	2
 -84.5	5
 -83.5	6
 -82.5	6.33333
 -81.5	3.5
 -80.5	6.5
 -79.5	3.83333
 -78.5	1.5
 -77.5	2.83333
 -76.5	2.5
 -75.5	2.33333
 -74.5	2.5
 -73.5	4
 -72.5	2
 -71.5	1
 -70.5	2
 -69.5	0
 -68.5	4
 -67.5	2.5
 -66.5	4
 -65.5	3.5
 -64.5	3
 -63.5	2
 -62.5	3
 -61.5	0
 -60.5	6
 -59.5	5
 -58.5	4
 -57.5	3
 -56.5	1
 -55.5	4
 -54.5	3.5
 -53.5	3
 -52.5	3.5
 -51.5	3
 -50.5	3.5
 -49.5	4
 -48.5	2
 -47.5	2
 -46.5	1
 -45.5	3
 -44.5	3
 -43.5	4.16667
 -42.5	5
 -41.5	1.16667
 -40.5	2.75
 -39.5	4.66667
 -38.5	5.75
 -37.5	3.16667
 -36.5	1.25
 -35.5	3.16667
 -34.5	0.25
 -33.5	1.16667
 -32.5	2.2
 -31.5	3.33333
 -30.5	4.2
 -29.5	1
 -28.5	2.4
 -27.5	2
 -26.5	2.4
 -25.5	2
 -24.5	0.4
 -23.5	2
 -22.5	1.7
 -21.5	1
 -20.5	3.2
 -19.5	2
 -18.5	1
 -17.5	3
 -16.5	5
 -15.5	5
 -14.5	3
 -13.5	4
 -12.5	1
 -11.5	2
 -10.5	1
  -9.5	4
  -8.5	3
  -7.5	1.25
  -6.5	0
  -5.5	4.25
  -4.5	1
  -3.5	23.2833
  -2.5	3.2
  -1.5	20.4167
  -0.5	5.2
   0.5	6.33333
   1.5	17.2
   2.5	15.3333
   3.5	12.5667
   4.5	0
   5.5	3.23333
   6.5	2
   7.5	5.53333
   8.5	2
   9.5	1.2
  10.5	5.5
  11.5	1.2
  12.5	2
  13.5	7
  14.5	4.5
  15.5	3
  16.5	3
  17.5	2.5
  18.5	6
  19.5	6
  20.5	0
  21.5	7
  22.5	5
  23.5	3.45
  24.5	4
  25.5	6.7
  26.5	5
  27.5	4.5
  28.5	4.33333
  29.5	6
  30.5	1.33333
  31.5	3.25
  32.5	4.33333
  33.5	5.5
  34.5	0
  35.5	1.5
  36.5	2
  37.5	1
  38.5	4
  39.5	0
  40.5	2.6
  41.5	3
  42.5	2.1
  43.5	3
  44.5	2.1
  45.5	1
  46.5	3.1
  47.5	2
  48.5	1.1
  49.5	4.5
  50.5	4
  51.5	4.5
  52.5	2
  53.5	0
  54.5	3
  55.5	2
  56.5	1
  57.5	1
  58.5	4
  59.5	3
  60.5	1
  61.5	3
  62.5	2
  63.5	0
  64.5	2.5
  65.5	3.5
  66.5	4.5
  67.5	1
  68.5	4
  69.5	1.1
  70.5	6
  71.5	4.6
  72.5	4.2
  73.5	4.1
  74.5	2.2
  75.5	4.1
  76.5	2.83333
  77.5	2.1
  78.5	4.83333
  79.5	1
  80.5	3
  81.5	3
  82.5	4
  83.5	2
  84.5	3.5
  85.5	1
  86.5	1.5
  87.5	3
  88.5	0
  89.5	1
  90.5	5.33333
  91.5	4
  92.5	4.33333
  93.5	0
  94.5	4
  95.5	6
  96.5	1.5
DB 2 MOTIF	TOE1	TOE1
 -96.5	2
 -95.5	3
 -94.5	1.5
 -93.5	1
 -92.5	2.5
 -91.5	3
 -90.5	5
 -89.5	2
 -88.5	2
 -87.5	2
 -86.5	3
 -85.5	4
 -84.5	1
 -83.5	3
 -82.5	3
 -81.5	1
 -80.5	0
 -79.5	1
 -78.5	1
 -77.5	2
 -76.5	4
 -75.5	4
 -74.5	2
 -73.5	5
 -72.5	3
 -71.5	3
 -70.5	4
 -69.5	4
 -68.5	1
 -67.5	3
 -66.5	1.5
 -65.5	2.5
 -64.5	3
 -63.5	2
 -62.5	4
 -61.5	2
 -60.5	5
 -59.5	2.5
 -58.5	5
 -57.5	2
 -56.5	3
 -55.5	0
 -54.5	4
 -53.5	6
 -52.5	2
 -51.5	5.33333
 -50.5	3
 -49.5	2
 -48.5	2
 -47.5	4
 -46.5	2
 -45.5	2
 -44.5	1
 -43.5	3
 -42.5	4
 -41.5	0
 -40.5	1
 -39.5	3.33333
 -38.5	4
 -37.5	1
 -36.5	2
 -35.5	3
 -34.5	4
 -33.5	4.33333
 -32.5	2
 -31.5	3
 -30.5	1
 -29.5	5
 -28.5	3
 -27.5	2.33333
 -26.5	5
 -25.5	2
 -24.5	2
 -23.5	0
 -22.5	5
 -21.5	2
 -20.5	5.5
 -19.5	1
 -18.5	1
 -17.5	7
 -16.5	4
 -15.5	4
 -14.5	3
 -13.5	8
 -12.5	4
 -11.5	1
 -10.5	3.5
  -9.5	2
  -8.5	3.5
  -7.5	5.5
  -6.5	0.333333
  -5.5	1
  -4.5	13
  -3.5	4
  -2.5	3
  -1.5	0
  -0.5	18.5
   0.5	19
   1.5	0
   2.5	1
   3.5	0
   4.5	11.5
   5.5	2
   6.5	4
   7.5	1
   8.5	6
   9.5	6
  10.5	4
  11.5	2
  12.5	4
  13.5	4
  14.5	5.5
  15.5	1
  16.5	3
  17.5	4
  18.5	4
  19.5	6
  20.5	2
  21.5	1
  22.5	2
  23.5	4
  24.5	6
  25.5	3
  26.5	2
  27.5	0
  28.5	0
  29.5	1
  30.5	4
  31.5	6
  32.5	5
  33.5	2
  34.5	5
  35.5	3
  36.5	1
  37.5	2
  38.5	3.33333
  39.5	3
  40.5	3.5
  41.5	0
  42.5	4
  43.5	1
  44.5	6
  45.5	3
  46.5	7
  47.5	1
  48.5	4
  49.5	5
  50.5	3
  51.5	1.5
  52.5	4
  53.5	1
  54.5	1
  55.5	5
  56.5	5
  57.5	3
  58.5	3.5
  59.5	5
  60.5	4
  61.5	3
  62.5	1
  63.5	3
  64.5	2.5
  65.5	2
  66.5	2
  67.5	2
  68.5	2
  69.5	2
  70.5	1
  71.5	1
  72.5	0
  73.5	2
  74.5	1
  75.5	3
  76.5	3
  77.5	6
  78.5	0
  79.5	1
  80.5	3
  81.5	6
  82.5	1
  83.5	3
  84.5	6
  85.5	2
  86.5	2.5
  87.5	6
  88.5	3
  89.5	3
  90.5	0
  91.5	1
  92.5	2
  93.5	2.5
  94.5	5
  95.5	2
  96.5	5
DB 2 MOTIF	TOE1_2	TOE1_2
 -96.5	2
 -95.5	3
 -94.5	6.5
 -93.5	2
 -92.5	3.5
 -91.5	9
 -90.5	1
 -89.5	3.5
 -88.5	4
 -87.5	6
 -86.5	3
 -85.5	2
 -84.5	3
 -83.5	6
 -82.5	7.33333
 -81.5	3.5
 -80.5	6.5
 -79.5	2.83333
 -78.5	3.5
 -77.5	3.16667
 -76.5	2.5
 -75.5	1.33333
 -74.5	4.5
 -73.5	4.33333
 -72.5	2
 -71.5	1
 -70.5	2
 -69.5	1.33333
 -68.5	4
 -67.5	1.5
 -66.5	4
 -65.5	3.5
 -64.5	3
 -63.5	2
 -62.5	3
 -61.5	1
 -60.5	5
 -59.5	5
 -58.5	5
 -57.5	3
 -56.5	2
 -55.5	3
 -54.5	3.5
 -53.5	2
 -52.5	3.5
 -51.5	3
 -50.5	3.5
 -49.5	3
 -48.5	4
 -47.5	3
 -46.5	2
 -45.5	3
 -44.5	3
 -43.5	4.16667
 -42.5	6
 -41.5	2.16667
 -40.5	3.75
 -39.5	4.66667
 -38.5	7.75
 -37.5	3.16667
 -36.5	1.25
 -35.5	2.16667
 -34.5	0.25
 -33.5	1.16667
 -32.5	2.2
 -31.5	4.33333
 -30.5	5.2
 -29.5	1.5
 -28.5	0.4
 -27.5	2
 -26.5	3.4
 -25.5	3.5
 -24.5	1.4
 -23.5	4
 -22.5	0.7
 -21.5	1
 -20.5	3.2
 -19.5	2.5
 -18.5	1
 -17.5	5
 -16.5	5
 -15.5	3
 -14.5	3
 -13.5	5
 -12.5	3
 -11.5	3
 -10.5	1
  -9.5	4
  -8.5	5.5
  -7.5	1.25
  -6.5	0
  -5.5	6.58333
  -4.5	0
  -3.5	24.1167
  -2.5	3.2
  -1.5	24.25
  -0.5	7.2
   0.5	9.33333
   1.5	22.7
   2.5	14.3333
   3.5	13.5667
   4.5	0
   5.5	5.23333
   6.5	2
   7.5	5.53333
   8.5	4
   9.5	3.2
  10.5	6
  11.5	2.2
  12.5	1
  13.5	9
  14.5	4
  15.5	3
  16.5	4
  17.5	1
  18.5	6
  19.5	7
  20.5	1
  21.5	9
  22.5	5
  23.5	4.45
  24.5	6
  25.5	4.7
  26.5	4
  27.5	3.5
  28.5	7.33333
  29.5	7.5
  30.5	1.33333
  31.5	5.25
  32.5	4.33333
  33.5	4.5
  34.5	3
  35.5	2.5
  36.5	5
  37.5	2
  38.5	4
  39.5	0
  40.5	4.6
  41.5	3
  42.5	2.1
  43.5	3
  44.5	2.1
  45.5	5
  46.5	3.1
  47.5	4
  48.5	3.1
  49.5	6.5
  50.5	5
  51.5	5.5
  52.5	2
  53.5	1
  54.5	4
  55.5	3
  56.5	3
  57.5	1
  58.5	5
  59.5	3
  60.5	2
  61.5	3
  62.5	5
  63.5	0
  64.5	3.5
  65.5	4.5
  66.5	2.5
  67.5	2
  68.5	1
  69.5	1.1
  70.5	9
  71.5	5.1
  72.5	6.2
  73.5	4.1
  74.5	2.2
  75.5	1.1
  76.5	1.83333
  77.5	2.1
  78.5	6.83333
  79.5	2
  80.5	3
  81.5	1
  82.5	5
  83.5	2
  84.5	4.5
  85.5	2
  86.5	3.5
  87.5	3
  88.5	0
  89.5	1
  90.5	9.33333
  91.5	4
  92.5	4.33333
  93.5	0.5
  94.5	4
  95.5	5.5
  96.5	4
DB 2 MOTIF	SPL1	SPL1
 -96.5	0.5
 -95.5	1
 -94.5	1
 -93.5	0
 -92.5	1
 -91.5	0
 -90.5	3
 -89.5	0
 -88.5	0
 -87.5	1
 -86.5	0
 -85.5	0
 -84.5	1.5
 -83.5	1
 -82.5	1
 -81.5	3
 -80.5	4.5
 -79.5	0
 -78.5	3
 -77.5	0
 -76.5	3.5
 -75.5	0
 -74.5	1.5
 -73.5	5
 -72.5	2
 -71.5	1
 -70.5	1
 -69.5	0
 -68.5	1
 -67.5	1
 -66.5	2
 -65.5	3
 -64.5	0
 -63.5	0
 -62.5	1
 -61.5	1
 -60.5	1
 -59.5	0
 -58.5	4
 -57.5	2
 -56.5	1.5
 -55.5	0
 -54.5	5
 -53.5	2
 -52.5	0
 -51.5	3
 -50.5	2
 -49.5	1
 -48.5	0
 -47.5	1
 -46.5	1
 -45.5	3
 -44.5	2
 -43.5	0
 -42.5	2
 -41.5	1
 -40.5	0
 -39.5	2
 -38.5	2
 -37.5	0
 -36.5	0
 -35.5	0
 -34.5	0
 -33.5	0
 -32.5	2
 -31.5	1
 -30.5	1
 -29.5	0.5
 -28.5	3
 -27.5	1.33333
 -26.5	3
 -25.5	1.5
 -24.5	3
 -23.5	1.33333
 -22.5	0
 -21.5	2
 -20.5	2
 -19.5	1.33333
 -18.5	0
 -17.5	0
 -16.5	0.5
 -15.5	1
 -14.5	3
 -13.5	1
 -12.5	2
 -11.5	0
 -10.5	2
  -9.5	3
  -8.5	1
  -7.5	0
  -6.5	2.5
  -5.5	0
  -4.5	0
  -3.5	0
  -2.5	59
  -1.5	1
  -0.5	0
   0.5	0
   1.5	0
   2.5	44.5
   3.5	2
   4.5	0
   5.5	0
   6.5	4.5
   7.5	2
   8.5	0
   9.5	0
  10.5	1
  11.5	0
  12.5	2
  13.5	1
  14.5	0
  15.5	2
  16.5	0
  17.5	3
  18.5	2
  19.5	1
  20.5	2
  21.5	0
  22.5	0
  23.5	2
  24.5	3
  25.5	4
  26.5	0.5
  27.5	2
  28.5	1
  29.5	2
  30.5	2.5
  31.5	2
  32.5	3.5
  33.5	1
  34.5	2
  35.5	2
  36.5	2.5
  37.5	1
  38.5	1
  39.5	0
  40.5	0
  41.5	1
  42.5	1
  43.5	1
  44.5	1
  45.5	0
  46.5	1
  47.5	0
  48.5	0
  49.5	1
  50.5	2
  51.5	0
  52.5	2
  53.5	0
  54.5	2
  55.5	0
  56.5	2
  57.5	1
  58.5	1
  59.5	1
  60.5	0
  61.5	2
  62.5	0
  63.5	1
  64.5	0
  65.5	3
  66.5	2
  67.5	3
  68.5	0.5
  69.5	1
  70.5	1
  71.5	3
  72.5	1
  73.5	0
  74.5	3
  75.5	0
  76.5	2
  77.5	3
  78.5	1
  79.5	1
  80.5	1
  81.5	0
  82.5	1
  83.5	2
  84.5	2
  85.5	2
  86.5	0
  87.5	1
  88.5	0
  89.5	0
  90.5	1
  91.5	2
  92.5	1
  93.5	0.5
  94.5	1
  95.5	0
  96.5	0
DB 2 MOTIF	SPL1_2	SPL1_2
 -96.5	2
 -95.5	1
 -94.5	3
 -93.5	0.333333
 -92.5	1
 -91.5	2
 -90.5	1
 -89.5	3.5
 -88.5	2
 -87.5	1
 -86.5	0
 -85.5	0
 -84.5	1
 -83.5	2
 -82.5	2
 -81.5	2
 -80.5	0.5
 -79.5	4.5
 -78.5	3.5
 -77.5	6
 -76.5	3.5
 -75.5	3
 -74.5	1.5
 -73.5	1
 -72.5	1
 -71.5	6
 -70.5	0
 -69.5	1
 -68.5	0
 -67.5	1.5
 -66.5	1
 -65.5	0.5
 -64.5	4
 -63.5	1
 -62.5	0
 -61.5	1
 -60.5	2
 -59.5	3
 -58.5	1
 -57.5	1.5
 -56.5	2.83333
 -55.5	5
 -54.5	1.83333
 -53.5	1
 -52.5	3.33333
 -51.5	2
 -50.5	0.5
 -49.5	2
 -48.5	2
 -47.5	0
 -46.5	4
 -45.5	2
 -44.5	5
 -43.5	1
 -42.5	0
 -41.5	3
 -40.5	3
 -39.5	0
 -38.5	1.5
 -37.5	2
 -36.5	5
 -35.5	0
 -34.5	0
 -33.5	2
 -32.5	3.2
 -31.5	3
 -30.5	2.2
 -29.5	1
 -28.5	2.4
 -27.5	4
 -26.5	1.4
 -25.5	4
 -24.5	2.4
 -23.5	0
 -22.5	0.2
 -21.5	2
 -20.5	5.2
 -19.5	3.5
 -18.5	1
 -17.5	2
 -16.5	0
 -15.5	4.5
 -14.5	2
 -13.5	0.5
 -12.5	0
 -11.5	2
 -10.5	4
  -9.5	2.5
  -8.5	1
  -7.5	0.75
  -6.5	2
  -5.5	4.58333
  -4.5	1
  -3.5	27.45
  -2.5	0.2
  -1.5	28.75
  -0.5	1.53333
   0.5	1.5
   1.5	20.0333
   2.5	1
   3.5	29.7333
   4.5	1
   5.5	3.9
   6.5	0
   7.5	2.2
   8.5	4
   9.5	2.2
  10.5	2
  11.5	5.2
  12.5	3
  13.5	1
  14.5	2
  15.5	1
  16.5	4
  17.5	1
  18.5	2
  19.5	3
  20.5	2
  21.5	3
  22.5	3
  23.5	3.45
  24.5	2
  25.5	3.45
  26.5	3
  27.5	3.25
  28.5	2.33333
  29.5	2.25
  30.5	3.33333
  31.5	4
  32.5	2.33333
  33.5	3.5
  34.5	1
  35.5	1.5
  36.5	0
  37.5	4
  38.5	2
  39.5	1
  40.5	0
  41.5	1
  42.5	0
  43.5	6
  44.5	2
  45.5	4
  46.5	0
  47.5	2
  48.5	0
  49.5	3.5
  50.5	2
  51.5	1.5
  52.5	1
  53.5	2
  54.5	2
  55.5	3
  56.5	1
  57.5	5
  58.5	2
  59.5	0
  60.5	3
  61.5	0
  62.5	1
  63.5	0
  64.5	2.5
  65.5	0
  66.5	0.5
  67.5	3.5
  68.5	4
  69.5	0
  70.5	2
  71.5	0
  72.5	2.2
  73.5	2
  74.5	2.2
  75.5	5
  76.5	2
  77.5	2
  78.5	1
  79.5	2
  80.5	1
  81.5	1
  82.5	2
  83.5	0.5
  84.5	1
  85.5	3.5
  86.5	2
  87.5	0
  88.5	3
  89.5	0
  90.5	1
  91.5	1.5
  92.5	1
  93.5	1.5
  94.5	1.33333
  95.5	1.5
  96.5	0
DB 2 MOTIF	SPL7	SPL7
 -96.5	5
 -95.5	1
 -94.5	4
 -93.5	3.33333
 -92.5	3
 -91.5	4
 -90.5	5
 -89.5	4
 -88.5	2
 -87.5	3
 -86.5	3
 -85.5	4
 -84.5	2
 -83.5	4
 -82.5	4.83333
 -81.5	2
 -80.5	1
 -79.5	6.33333
 -78.5	3
 -77.5	5
 -76.5	2
 -75.5	4.83333
 -74.5	2
 -73.5	4
 -72.5	5
 -71.5	2.33333
 -70.5	3
 -69.5	4
 -68.5	4.5
 -67.5	5.5
 -66.5	3
 -65.5	0.5
 -64.5	4
 -63.5	2
 -62.5	3
 -61.5	6
 -60.5	5
 -59.5	2
 -58.5	4
 -57.5	7.5
 -56.5	5.33333
 -55.5	2
 -54.5	3.83333
 -53.5	2
 -52.5	8.33333
 -51.5	2
 -50.5	1.5
 -49.5	1
 -48.5	4.5
 -47.5	2
 -46.5	4.5
 -45.5	5
 -44.5	1
 -43.5	4
 -42.5	2
 -41.5	5
 -40.5	3
 -39.5	0
 -38.5	3
 -37.5	5
 -36.5	1
 -35.5	0
 -34.5	4
 -33.5	2
 -32.5	0.2
 -31.5	4
 -30.5	3.2
 -29.5	2
 -28.5	4.4
 -27.5	5
 -26.5	1.4
 -25.5	5
 -24.5	2.4
 -23.5	0
 -22.5	1.2
 -21.5	4
 -20.5	3.2
 -19.5	2
 -18.5	2
 -17.5	0
 -16.5	2
 -15.5	3
 -14.5	6
 -13.5	1.5
 -12.5	2
 -11.5	1.5
 -10.5	4.5
  -9.5	4.5
  -8.5	4
  -7.5	6.75
  -6.5	4
  -5.5	3.25
  -4.5	4
  -3.5	35.9167
  -2.5	3
  -1.5	35.4167
  -0.5	3
   0.5	1
   1.5	28.5
   2.5	1
   3.5	34.3333
   4.5	1
   5.5	1.33333
   6.5	3
   7.5	8.33333
   8.5	3
   9.5	2
  10.5	2
  11.5	10
  12.5	3.5
  13.5	5
  14.5	1
  15.5	1
  16.5	5
  17.5	3
  18.5	1
  19.5	1
  20.5	2
  21.5	5
  22.5	0
  23.5	2.5
  24.5	6
  25.5	4
  26.5	7
  27.5	3
  28.5	2.33333
  29.5	2
  30.5	4.83333
  31.5	5.5
  32.5	3.33333
  33.5	8
  34.5	0
  35.5	8
  36.5	3
  37.5	4.5
  38.5	3
  39.5	6
  40.5	3
  41.5	6
  42.5	0
  43.5	5
  44.5	2
  45.5	4
  46.5	2
  47.5	3
  48.5	5
  49.5	3
  50.5	1
  51.5	3.5
  52.5	2
  53.5	3
  54.5	1.5
  55.5	3
  56.5	5.5
  57.5	4
  58.5	3
  59.5	2
  60.5	1.5
  61.5	3
  62.5	5
  63.5	0
  64.5	2
  65.5	0
  66.5	2.5
  67.5	5.5
  68.5	1
  69.5	0
  70.5	2
  71.5	3
  72.5	1
  73.5	0
  74.5	2
  75.5	6
  76.5	5
  77.5	3
  78.5	3.5
  79.5	2.5
  80.5	2
  81.5	3
  82.5	1
  83.5	4
  84.5	6.5
  85.5	2
  86.5	1.5
  87.5	1
  88.5	4
  89.5	0.5
  90.5	2
  91.5	4.5
  92.5	6
  93.5	2.5
  94.5	0
  95.5	4.5
  96.5	4
DB 2 MOTIF	WRKY12	WRKY12
 -96.5	3
 -95.5	4
 -94.5	4
 -93.5	2
 -92.5	7
 -91.5	1
 -90.5	1
 -89.5	2
 -88.5	2
 -87.5	3
 -86.5	3
 -85.5	4.5
 -84.5	3
 -83.5	7
 -82.5	4
 -81.5	3
 -80.5	3
 -79.5	3
 -78.5	5
 -77.5	4
 -76.5	4
 -75.5	2
 -74.5	6
 -73.5	5
 -72.5	3
 -71.5	5
 -70.5	2
 -69.5	6
 -68.5	2
 -67.5	2
 -66.5	0
 -65.5	2
 -64.5	1
 -63.5	7
 -62.5	0
 -61.5	3
 -60.5	3.5
 -59.5	3
 -58.5	2
 -57.5	5
 -56.5	4
 -55.5	3
 -54.5	8
 -53.5	1
 -52.5	4
 -51.5	1
 -50.5	7
 -49.5	3
 -48.5	1
 -47.5	8
 -46.5	2
 -45.5	2
 -44.5	4
 -43.5	5
 -42.5	5
 -41.5	0.5
 -40.5	5
 -39.5	2.5
 -38.5	3
 -37.5	7
 -36.5	2
 -35.5	3
 -34.5	7
 -33.5	5
 -32.5	3
 -31.5	6
 -30.5	1
 -29.5	6
 -28.5	1
 -27.5	3
 -26.5	7
 -25.5	1
 -24.5	5
 -23.5	4
 -22.5	2
 -21.5	2
 -20.5	4
 -19.5	0
 -18.5	3
 -17.5	3
 -16.5	3
 -15.5	4
 -14.5	3.5
 -13.5	0.5
 -12.5	1
 -11.5	7
 -10.5	4
  -9.5	3
  -8.5	1
  -7.5	1
  -6.5	4
  -5.5	4
  -4.5	3
  -3.5	6
  -2.5	17
  -1.5	0
  -0.5	0
   0.5	2
   1.5	0
   2.5	18
   3.5	4
   4.5	4
   5.5	1
   6.5	4
   7.5	6
   8.5	1
   9.5	3
  10.5	4
  11.5	5
  12.5	5
  13.5	2
  14.5	4
  15.5	2.5
  16.5	5
  17.5	2
  18.5	3.5
  19.5	2
  20.5	5
  21.5	4.5
  22.5	2
  23.5	2
  24.5	6.5
  25.5	4
  26.5	3
  27.5	6
  28.5	2
  29.5	3
  30.5	2.5
  31.5	2
  32.5	6
  33.5	1
  34.5	6
  35.5	1
  36.5	1
  37.5	6
  38.5	1
  39.5	1
  40.5	8
  41.5	3
  42.5	3
  43.5	4
  44.5	2
  45.5	3
  46.5	6
  47.5	5
  48.5	1
  49.5	4
  50.5	5
  51.5	6
  52.5	3
  53.5	2
  54.5	2
  55.5	1
  56.5	4
  57.5	5
  58.5	2
  59.5	2
  60.5	4
  61.5	2
  62.5	4
  63.5	5
  64.5	1
  65.5	3
  66.5	5
  67.5	0
  68.5	4
  69.5	6
  70.5	5
  71.5	5
  72.5	3
  73.5	3
  74.5	6
  75.5	0
  76.5	3
  77.5	3
  78.5	5
  79.5	4
  80.5	0
  81.5	1
  82.5	1
  83.5	3
  84.5	0
  85.5	2
  86.5	2
  87.5	7
  88.5	2
  89.5	3
  90.5	2
  91.5	4
  92.5	5
  93.5	3
  94.5	1.5
  95.5	3
  96.5	2
DB 2 MOTIF	WRKY45	WRKY45
 -96.5	1
 -95.5	1
 -94.5	3
 -93.5	0
 -92.5	3
 -91.5	2
 -90.5	0
 -89.5	2
 -88.5	2
 -87.5	1
 -86.5	2
 -85.5	2.5
 -84.5	0
 -83.5	5
 -82.5	4
 -81.5	2
 -80.5	2
 -79.5	1
 -78.5	3
 -77.5	4.5
 -76.5	4
 -75.5	1
 -74.5	6
 -73.5	4
 -72.5	1
 -71.5	3
 -70.5	1
 -69.5	4
 -68.5	2
 -67.5	1
 -66.5	0
 -65.5	1
 -64.5	0
 -63.5	5
 -62.5	1
 -61.5	0
 -60.5	0.5
 -59.5	0
 -58.5	2
 -57.5	5
 -56.5	3
 -55.5	1
 -54.5	5
 -53.5	1
 -52.5	3
 -51.5	1
 -50.5	4
 -49.5	3
 -48.5	0
 -47.5	5
 -46.5	3
 -45.5	3
 -44.5	3
 -43.5	2
 -42.5	3
 -41.5	0
 -40.5	4
 -39.5	1.5
 -38.5	2
 -37.5	6
 -36.5	0
 -35.5	2
 -34.5	3
 -33.5	1
 -32.5	2
 -31.5	4
 -30.5	1
 -29.5	2
 -28.5	2
 -27.5	1
 -26.5	3
 -25.5	1
 -24.5	4
 -23.5	2
 -22.5	3
 -21.5	2
 -20.5	3
 -19.5	0
 -18.5	3.5
 -17.5	3
 -16.5	2
 -15.5	2
 -14.5	2.5
 -13.5	0.5
 -12.5	2
 -11.5	3
 -10.5	3
  -9.5	4
  -8.5	1
  -7.5	1
  -6.5	2
  -5.5	4
  -4.5	3
  -3.5	4
  -2.5	17
  -1.5	0
  -0.5	0
   0.5	1
   1.5	0
   2.5	18
   3.5	2
   4.5	3
   5.5	1
   6.5	3
   7.5	3
   8.5	1
   9.5	1
  10.5	4.5
  11.5	2
  12.5	2
  13.5	3
  14.5	4
  15.5	1
  16.5	5
  17.5	1
  18.5	1
  19.5	2
  20.5	2
  21.5	0
  22.5	2
  23.5	1
  24.5	2
  25.5	1
  26.5	1
  27.5	2
  28.5	1
  29.5	3
  30.5	2
  31.5	2
  32.5	4
  33.5	1
  34.5	2.5
  35.5	1
  36.5	1
  37.5	3
  38.5	2
  39.5	2
  40.5	3
  41.5	2
  42.5	3
  43.5	1
  44.5	3
  45.5	1
  46.5	4.5
  47.5	4
  48.5	0
  49.5	4
  50.5	2
  51.5	4
  52.5	4
  53.5	2
  54.5	1
  55.5	2
  56.5	2
  57.5	6
  58.5	2
  59.5	0.5
  60.5	2
  61.5	3
  62.5	3
  63.5	2
  64.5	1
  65.5	2
  66.5	5
  67.5	0
  68.5	2
  69.5	5
  70.5	3
  71.5	2
  72.5	1
  73.5	4
  74.5	3
  75.5	1
  76.5	2
  77.5	0
  78.5	3
  79.5	4
  80.5	1
  81.5	1
  82.5	0
  83.5	1
  84.5	0
  85.5	1
  86.5	0
  87.5	6
  88.5	3
  89.5	2
  90.5	2
  91.5	2
  92.5	3
  93.5	0
  94.5	0.5
  95.5	0
  96.5	2
DB 2 MOTIF	WRKY38	WRKY38
 -96.5	1
 -95.5	6
 -94.5	2
 -93.5	3
 -92.5	8
 -91.5	1
 -90.5	1
 -89.5	3
 -88.5	2
 -87.5	3
 -86.5	3
 -85.5	5.5
 -84.5	3
 -83.5	6
 -82.5	6
 -81.5	4
 -80.5	3
 -79.5	2
 -78.5	5
 -77.5	5.5
 -76.5	3
 -75.5	1
 -74.5	9
 -73.5	4
 -72.5	2
 -71.5	5
 -70.5	1
 -69.5	5
 -68.5	2
 -67.5	3
 -66.5	0
 -65.5	2
 -64.5	0
 -63.5	5
 -62.5	2
 -61.5	3
 -60.5	0.5
 -59.5	3
 -58.5	3
 -57.5	7
 -56.5	3
 -55.5	3
 -54.5	6
 -53.5	2
 -52.5	3
 -51.5	1
 -50.5	7
 -49.5	3
 -48.5	1
 -47.5	5
 -46.5	4
 -45.5	4
 -44.5	3
 -43.5	6
 -42.5	4
 -41.5	1.5
 -40.5	6
 -39.5	3.5
 -38.5	5
 -37.5	7
 -36.5	1
 -35.5	2
 -34.5	5
 -33.5	1
 -32.5	2
 -31.5	5
 -30.5	1
 -29.5	4
 -28.5	2
 -27.5	4
 -26.5	5
 -25.5	1
 -24.5	4
 -23.5	4
 -22.5	1
 -21.5	3
 -20.5	3
 -19.5	1
 -18.5	4
 -17.5	5
 -16.5	2
 -15.5	3
 -14.5	2.5
 -13.5	0.5
 -12.5	2
 -11.5	6
 -10.5	3.5
  -9.5	7
  -8.5	3
  -7.5	2
  -6.5	3
  -5.5	6
  -4.5	4
  -3.5	9
  -2.5	16
  -1.5	0
  -0.5	0
   0.5	1
   1.5	0
   2.5	19
   3.5	5
   4.5	4
   5.5	2
   6.5	6
   7.5	5
   8.5	2
   9.5	2
  10.5	7
  11.5	2
  12.5	4
  13.5	4
  14.5	5
  15.5	2
  16.5	6
  17.5	3
  18.5	3
  19.5	1
  20.5	3
  21.5	3.5
  22.5	3
  23.5	4
  24.5	5
  25.5	5
  26.5	4
  27.5	4
  28.5	1
  29.5	4
  30.5	4.5
  31.5	1
  32.5	6
  33.5	1
  34.5	5
  35.5	1
  36.5	1
  37.5	6
  38.5	4
  39.5	2
  40.5	7
  41.5	4
  42.5	4
  43.5	2
  44.5	5
  45.5	2
  46.5	6
  47.5	4
  48.5	2
  49.5	4
  50.5	4
  51.5	6
  52.5	3
  53.5	3
  54.5	4
  55.5	2
  56.5	3
  57.5	8
  58.5	1
  59.5	1.5
  60.5	4
  61.5	3
  62.5	3
  63.5	4
  64.5	2
  65.5	4
  66.5	7
  67.5	0
  68.5	1
  69.5	6
  70.5	5
  71.5	3
  72.5	2
  73.5	3
  74.5	6
  75.5	3
  76.5	2
  77.5	3
  78.5	5
  79.5	3
  80.5	1
  81.5	1
  82.5	3
  83.5	2
  84.5	1
  85.5	2
  86.5	1
  87.5	6
  88.5	3
  89.5	2
  90.5	5
  91.5	3
  92.5	5
  93.5	1
  94.5	2.5
  95.5	3
  96.5	3
DB 2 MOTIF	Dof5.7_2	Dof5.7_2
 -96.5	1
 -95.5	1
 -94.5	0.5
 -93.5	1
 -92.5	2
 -91.5	6
 -90.5	0
 -89.5	0
 -88.5	1
 -87.5	1
 -86.5	3
 -85.5	2
 -84.5	3
 -83.5	1
 -82.5	2
 -81.5	1
 -80.5	2
 -79.5	1
 -78.5	0
 -77.5	2
 -76.5	2
 -75.5	2
 -74.5	2
 -73.5	4
 -72.5	2
 -71.5	2
 -70.5	1
 -69.5	3
 -68.5	1
 -67.5	0
 -66.5	3
 -65.5	0.5
 -64.5	3
 -63.5	2
 -62.5	0
 -61.5	2
 -60.5	2
 -59.5	3
 -58.5	2
 -57.5	4
 -56.5	2
 -55.5	2
 -54.5	3
 -53.5	1
 -52.5	1
 -51.5	2
 -50.5	2
 -49.5	3
 -48.5	2
 -47.5	2
 -46.5	1
 -45.5	0
 -44.5	1
 -43.5	3
 -42.5	4
 -41.5	3
 -40.5	0
 -39.5	3
 -38.5	2
 -37.5	1
 -36.5	1
 -35.5	1
 -34.5	1
 -33.5	5
 -32.5	3
 -31.5	2
 -30.5	1
 -29.5	1
 -28.5	2
 -27.5	2
 -26.5	1
 -25.5	2
 -24.5	1
 -23.5	4
 -22.5	1
 -21.5	3
 -20.5	1
 -19.5	1
 -18.5	2
 -17.5	3
 -16.5	2
 -15.5	1
 -14.5	1
 -13.5	2
 -12.5	0
 -11.5	2
 -10.5	3
  -9.5	3
  -8.5	2
  -7.5	4
  -6.5	3
  -5.5	1
  -4.5	2
  -3.5	1
  -2.5	8
  -1.5	7.5
  -0.5	0
   0.5	0
   1.5	8
   2.5	6
   3.5	0
   4.5	1
   5.5	2
   6.5	2
   7.5	5
   8.5	2
   9.5	1
  10.5	3
  11.5	2
  12.5	2
  13.5	1
  14.5	1
  15.5	2
  16.5	1.5
  17.5	0.5
  18.5	4
  19.5	0
  20.5	1
  21.5	1
  22.5	3
  23.5	2
  24.5	3
  25.5	2
  26.5	1
  27.5	2
  28.5	2
  29.5	2
  30.5	4
  31.5	2
  32.5	0
  33.5	4
  34.5	1
  35.5	0
  36.5	1
  37.5	2
  38.5	2
  39.5	1.5
  40.5	2
  41.5	5
  42.5	1
  43.5	3
  44.5	2
  45.5	0
  46.5	2
  47.5	0
  48.5	3
  49.5	0
  50.5	0
  51.5	1
  52.5	0
  53.5	0
  54.5	2
  55.5	3
  56.5	2
  57.5	1
  58.5	2
  59.5	1
  60.5	2
  61.5	4
  62.5	2
  63.5	1
  64.5	4
  65.5	2
  66.5	1
  67.5	3
  68.5	1
  69.5	1
  70.5	0
  71.5	2
  72.5	2
  73.5	2
  74.5	2
  75.5	0
  76.5	1
  77.5	2
  78.5	2
  79.5	2
  80.5	1
  81.5	2
  82.5	1
  83.5	4
  84.5	1
  85.5	1
  86.5	1
  87.5	0
  88.5	1
  89.5	3
  90.5	2
  91.5	3
  92.5	3
  93.5	2
  94.5	0
  95.5	1
  96.5	1
DB 2 MOTIF	TCP16	TCP16
 -96.5	2
 -95.5	3
 -94.5	0
 -93.5	0
 -92.5	3
 -91.5	2
 -90.5	1
 -89.5	2
 -88.5	0
 -87.5	5
 -86.5	0
 -85.5	2
 -84.5	0
 -83.5	2
 -82.5	4
 -81.5	2
 -80.5	1
 -79.5	2
 -78.5	2
 -77.5	1
 -76.5	2
 -75.5	0
 -74.5	2
 -73.5	2
 -72.5	3
 -71.5	0
 -70.5	1
 -69.5	3
 -68.5	0
 -67.5	2
 -66.5	3
 -65.5	2
 -64.5	4
 -63.5	1
 -62.5	2
 -61.5	4
 -60.5	0
 -59.5	0
 -58.5	3
 -57.5	1
 -56.5	2
 -55.5	1
 -54.5	2
 -53.5	4
 -52.5	1
 -51.5	3
 -50.5	1
 -49.5	1
 -48.5	3
 -47.5	2
 -46.5	1
 -45.5	1
 -44.5	0
 -43.5	0
 -42.5	1
 -41.5	0
 -40.5	1
 -39.5	2
 -38.5	1
 -37.5	2
 -36.5	1
 -35.5	2
 -34.5	1
 -33.5	0
 -32.5	1
 -31.5	2
 -30.5	2
 -29.5	3
 -28.5	3.5
 -27.5	1
 -26.5	0
 -25.5	2
 -24.5	1
 -23.5	0
 -22.5	1
 -21.5	1
 -20.5	0
 -19.5	2
 -18.5	1
 -17.5	0
 -16.5	1
 -15.5	5
 -14.5	0
 -13.5	1
 -12.5	2
 -11.5	1
 -10.5	3
  -9.5	2
  -8.5	0
  -7.5	2
  -6.5	2
  -5.5	2
  -4.5	8
  -3.5	5
  -2.5	0
  -1.5	0
  -0.5	0
   0.5	0
   1.5	0
   2.5	0
   3.5	6
   4.5	5
   5.5	2
   6.5	0
   7.5	3
   8.5	0
   9.5	1.5
  10.5	3
  11.5	2.5
  12.5	4
  13.5	2
  14.5	4
  15.5	1
  16.5	4
  17.5	1
  18.5	0
  19.5	1
  20.5	1
  21.5	2
  22.5	1
  23.5	0
  24.5	3
  25.5	0
  26.5	3
  27.5	1
  28.5	1
  29.5	1
  30.5	0
  31.5	0
  32.5	0
  33.5	2
  34.5	1
  35.5	2
  36.5	3
  37.5	3
  38.5	0
  39.5	4
  40.5	1
  41.5	2
  42.5	3
  43.5	1
  44.5	2
  45.5	4
  46.5	1
  47.5	0
  48.5	0.5
  49.5	0
  50.5	1
  51.5	1
  52.5	1
  53.5	0
  54.5	0
  55.5	0
  56.5	1
  57.5	1.5
  58.5	1
  59.5	1
  60.5	0
  61.5	1
  62.5	1
  63.5	0
  64.5	3
  65.5	0
  66.5	0
  67.5	2
  68.5	0
  69.5	4
  70.5	6
  71.5	1.5
  72.5	0
  73.5	1
  74.5	1
  75.5	0
  76.5	3
  77.5	1
  78.5	1
  79.5	2
  80.5	0
  81.5	1
  82.5	0
  83.5	1
  84.5	0
  85.5	1
  86.5	1
  87.5	0
  88.5	3
  89.5	0
  90.5	1
  91.5	2
  92.5	0
  93.5	1
  94.5	1
  95.5	1
  96.5	1
DB 2 MOTIF	bZIP60_2	bZIP60_2
 -96.5	2
 -95.5	3
 -94.5	6
 -93.5	5
 -92.5	8
 -91.5	4.5
 -90.5	4.5
 -89.5	2
 -88.5	2
 -87.5	6
 -86.5	5
 -85.5	7
 -84.5	4
 -83.5	6
 -82.5	1
 -81.5	7
 -80.5	4.5
 -79.5	4
 -78.5	2
 -77.5	4
 -76.5	4
 -75.5	5.5
 -74.5	4
 -73.5	2
 -72.5	3.5
 -71.5	1
 -70.5	7
 -69.5	3.5
 -68.5	4
 -67.5	4
 -66.5	4
 -65.5	4
 -64.5	2
 -63.5	3
 -62.5	7
 -61.5	3
 -60.5	2.33333
 -59.5	5
 -58.5	1
 -57.5	4
 -56.5	3
 -55.5	3.33333
 -54.5	5.5
 -53.5	7
 -52.5	6
 -51.5	4
 -50.5	5.33333
 -49.5	4
 -48.5	3
 -47.5	2
 -46.5	3
 -45.5	5
 -44.5	4
 -43.5	8
 -42.5	4
 -41.5	6
 -40.5	4
 -39.5	1
 -38.5	4
 -37.5	3
 -36.5	3
 -35.5	3
 -34.5	9
 -33.5	4
 -32.5	1
 -31.5	2
 -30.5	5
 -29.5	4
 -28.5	3.5
 -27.5	3.5
 -26.5	3
 -25.5	6.5
 -24.5	6
 -23.5	4
 -22.5	4
 -21.5	3
 -20.5	5
 -19.5	3
 -18.5	6
 -17.5	3
 -16.5	2
 -15.5	4
 -14.5	3
 -13.5	2
 -12.5	4
 -11.5	2
 -10.5	1
  -9.5	3
  -8.5	3
  -7.5	4.5
  -6.5	1.5
  -5.5	6.5
  -4.5	2.5
  -3.5	1
  -2.5	2
  -1.5	2
  -0.5	30.5
   0.5	20
   1.5	1
   2.5	1
   3.5	5
   4.5	2
   5.5	6
   6.5	3
   7.5	2
   8.5	4
   9.5	2
  10.5	1
  11.5	2
  12.5	5
  13.5	4
  14.5	6
  15.5	2
  16.5	4
  17.5	4
  18.5	3
  19.5	3
  20.5	3
  21.5	5
  22.5	4
  23.5	2
  24.5	3
  25.5	6
  26.5	5
  27.5	3
  28.5	2
  29.5	6
  30.5	10
  31.5	6.5
  32.5	2
  33.5	2
  34.5	0
  35.5	8
  36.5	2
  37.5	5.5
  38.5	4
  39.5	6
  40.5	3
  41.5	3
  42.5	4
  43.5	3
  44.5	0
  45.5	2.5
  46.5	7
  47.5	2
  48.5	5
  49.5	8
  50.5	4
  51.5	4.5
  52.5	3
  53.5	3.5
  54.5	5
  55.5	5
  56.5	4
  57.5	3
  58.5	6
  59.5	6.5
  60.5	6
  61.5	3
  62.5	4.5
  63.5	3.5
  64.5	2
  65.5	2
  66.5	5
  67.5	3
  68.5	5
  69.5	4.5
  70.5	3
  71.5	2
  72.5	4
  73.5	4
  74.5	3
  75.5	3
  76.5	3
  77.5	3
  78.5	3
  79.5	2
  80.5	5
  81.5	3
  82.5	1.5
  83.5	10
  84.5	3
  85.5	4
  86.5	4
  87.5	2.5
  88.5	2.5
  89.5	4
  90.5	7
  91.5	2
  92.5	4
  93.5	2.5
  94.5	2
  95.5	2
  96.5	8
DB 2 MOTIF	ANAC55	ANAC55
 -96.5	1
 -95.5	4
 -94.5	4
 -93.5	3.5
 -92.5	1
 -91.5	2.5
 -90.5	6
 -89.5	0
 -88.5	8
 -87.5	5
 -86.5	2
 -85.5	2.5
 -84.5	2
 -83.5	4
 -82.5	2.5
 -81.5	1
 -80.5	3
 -79.5	4
 -78.5	7.5
 -77.5	5
 -76.5	2
 -75.5	4
 -74.5	6
 -73.5	2
 -72.5	1
 -71.5	1
 -70.5	3
 -69.5	4
 -68.5	2
 -67.5	4
 -66.5	3.5
 -65.5	2
 -64.5	1
 -63.5	2
 -62.5	4
 -61.5	3
 -60.5	1
 -59.5	4
 -58.5	1
 -57.5	2
 -56.5	4
 -55.5	3
 -54.5	1
 -53.5	1.5
 -52.5	6
 -51.5	2
 -50.5	3
 -49.5	1
 -48.5	4
 -47.5	2
 -46.5	5
 -45.5	3
 -44.5	4
 -43.5	5
 -42.5	2
 -41.5	2
 -40.5	3
 -39.5	3
 -38.5	4
 -37.5	4
 -36.5	4
 -35.5	2
 -34.5	5
 -33.5	2
 -32.5	3
 -31.5	3
 -30.5	5
 -29.5	5
 -28.5	3
 -27.5	0.5
 -26.5	5
 -25.5	6
 -24.5	4
 -23.5	3
 -22.5	3
 -21.5	2
 -20.5	0
 -19.5	2.5
 -18.5	3
 -17.5	4
 -16.5	8
 -15.5	1.5
 -14.5	2
 -13.5	2
 -12.5	5
 -11.5	3
 -10.5	3
  -9.5	2
  -8.5	0
  -7.5	2
  -6.5	4
  -5.5	4
  -4.5	12.5
  -3.5	0
  -2.5	0
  -1.5	0
  -0.5	8.5
   0.5	10
   1.5	0
   2.5	1
   3.5	2
   4.5	6
   5.5	2
   6.5	4
   7.5	1
   8.5	0
   9.5	1
  10.5	0
  11.5	6
  12.5	3
  13.5	4
  14.5	5
  15.5	3
  16.5	2
  17.5	2
  18.5	1
  19.5	2
  20.5	1
  21.5	4
  22.5	9
  23.5	3
  24.5	5
  25.5	2
  26.5	5
  27.5	3
  28.5	4
  29.5	4
  30.5	5
  31.5	2
  32.5	4
  33.5	2
  34.5	4
  35.5	5
  36.5	6
  37.5	5
  38.5	2
  39.5	5
  40.5	4
  41.5	2
  42.5	5
  43.5	3
  44.5	5
  45.5	2
  46.5	5
  47.5	2
  48.5	3
  49.5	3
  50.5	5
  51.5	1
  52.5	1
  53.5	1
  54.5	2
  55.5	5
  56.5	3
  57.5	4.5
  58.5	1
  59.5	7
  60.5	1
  61.5	1
  62.5	3.5
  63.5	2
  64.5	4
  65.5	2
  66.5	3
  67.5	4
  68.5	3
  69.5	3
  70.5	7
  71.5	4
  72.5	4
  73.5	2
  74.5	2
  75.5	2
  76.5	6
  77.5	4
  78.5	2
  79.5	6
  80.5	5
  81.5	3
  82.5	2
  83.5	2
  84.5	4
  85.5	1
  86.5	2
  87.5	1.5
  88.5	3.5
  89.5	3
  90.5	3
  91.5	3
  92.5	5
  93.5	0
  94.5	1
  95.5	1
  96.5	3
DB 2 MOTIF	ANAC55_2	ANAC55_2
 -96.5	1
 -95.5	2
 -94.5	1
 -93.5	3.5
 -92.5	1.5
 -91.5	3
 -90.5	3
 -89.5	1
 -88.5	5
 -87.5	4
 -86.5	2.5
 -85.5	1.5
 -84.5	5
 -83.5	3
 -82.5	2
 -81.5	2
 -80.5	3.5
 -79.5	5
 -78.5	3.5
 -77.5	5
 -76.5	1.5
 -75.5	6
 -74.5	2
 -73.5	2
 -72.5	1
 -71.5	3
 -70.5	1
 -69.5	2
 -68.5	2
 -67.5	3
 -66.5	2
 -65.5	1
 -64.5	0
 -63.5	2
 -62.5	3
 -61.5	2
 -60.5	1
 -59.5	3
 -58.5	2
 -57.5	5
 -56.5	4
 -55.5	5
 -54.5	2
 -53.5	3.5
 -52.5	2
 -51.5	3
 -50.5	2
 -49.5	2
 -48.5	4
 -47.5	2
 -46.5	5
 -45.5	1
 -44.5	2
 -43.5	2
 -42.5	1
 -41.5	3.33333
 -40.5	3
 -39.5	0
 -38.5	2.5
 -37.5	5.33333
 -36.5	3
 -35.5	2
 -34.5	4
 -33.5	3.33333
 -32.5	2
 -31.5	3.33333
 -30.5	2
 -29.5	5
 -28.5	2.5
 -27.5	0.333333
 -26.5	3
 -25.5	4
 -24.5	1
 -23.5	3.33333
 -22.5	5.5
 -21.5	1
 -20.5	0
 -19.5	1.5
 -18.5	5
 -17.5	3
 -16.5	5
 -15.5	1
 -14.5	1
 -13.5	2
 -12.5	7
 -11.5	4
 -10.5	1
  -9.5	0
  -8.5	1
  -7.5	2
  -6.5	4
  -5.5	1
  -4.5	18.5
  -3.5	1.33333
  -2.5	2
  -1.5	0
  -0.5	10.5
   0.5	15.3333
   1.5	0
   2.5	0
   3.5	2
   4.5	14.8333
   5.5	2
   6.5	3
   7.5	1
   8.5	2.5
   9.5	0
  10.5	4
  11.5	3
  12.5	3
  13.5	3
  14.5	0
  15.5	0
  16.5	0
  17.5	1
  18.5	0
  19.5	1
  20.5	0
  21.5	1
  22.5	6
  23.5	0
  24.5	3
  25.5	5
  26.5	4.5
  27.5	3
  28.5	4.5
  29.5	2
  30.5	8.5
  31.5	1
  32.5	2
  33.5	1
  34.5	1
  35.5	2
  36.5	4
  37.5	3
  38.5	2
  39.5	4.2
  40.5	4
  41.5	3
  42.5	1
  43.5	1.2
  44.5	1
  45.5	1
  46.5	3
  47.5	1.2
  48.5	3
  49.5	4
  50.5	5
  51.5	2
  52.5	2
  53.5	0.5
  54.5	1
  55.5	2
  56.5	3
  57.5	3
  58.5	0.5
  59.5	6
  60.5	0
  61.5	0
  62.5	3
  63.5	2
  64.5	3
  65.5	2
  66.5	1
  67.5	4
  68.5	2
  69.5	2
  70.5	5.2
  71.5	3.5
  72.5	1
  73.5	3
  74.5	3.2
  75.5	4
  76.5	4
  77.5	1
  78.5	2
  79.5	4
  80.5	2.5
  81.5	4
  82.5	1
  83.5	2
  84.5	6
  85.5	1
  86.5	1
  87.5	2
  88.5	1
  89.5	1
  90.5	2
  91.5	4
  92.5	3.5
  93.5	3
  94.5	1
  95.5	2.5
  96.5	3.5
DB 2 MOTIF	ANAC46	ANAC46
 -96.5	3.5
 -95.5	6
 -94.5	6
 -93.5	4
 -92.5	6
 -91.5	4.5
 -90.5	10
 -89.5	3.5
 -88.5	9.5
 -87.5	8
 -86.5	3
 -85.5	6
 -84.5	3
 -83.5	3
 -82.5	5
 -81.5	4
 -80.5	3.5
 -79.5	5
 -78.5	8
 -77.5	5
 -76.5	4
 -75.5	6.5
 -74.5	4
 -73.5	3
 -72.5	2.5
 -71.5	1
 -70.5	7
 -69.5	5
 -68.5	3
 -67.5	9
 -66.5	6.5
 -65.5	5
 -64.5	0
 -63.5	2
 -62.5	8
 -61.5	3.5
 -60.5	3.33333
 -59.5	3
 -58.5	2
 -57.5	4
 -56.5	6
 -55.5	2.33333
 -54.5	5
 -53.5	3
 -52.5	5
 -51.5	1.5
 -50.5	3.33333
 -49.5	6
 -48.5	4
 -47.5	5
 -46.5	10
 -45.5	4
 -44.5	4
 -43.5	8
 -42.5	2
 -41.5	4
 -40.5	4
 -39.5	4
 -38.5	3
 -37.5	4
 -36.5	7
 -35.5	4
 -34.5	5
 -33.5	2
 -32.5	6.5
 -31.5	4
 -30.5	5
 -29.5	5
 -28.5	3.5
 -27.5	3
 -26.5	4
 -25.5	6
 -24.5	6
 -23.5	9.5
 -22.5	5
 -21.5	1
 -20.5	6.5
 -19.5	6
 -18.5	5
 -17.5	5
 -16.5	7
 -15.5	6.5
 -14.5	3
 -13.5	4
 -12.5	6
 -11.5	3
 -10.5	3
  -9.5	5
  -8.5	5
  -7.5	5.5
  -6.5	3
  -5.5	10
  -4.5	7
  -3.5	2
  -2.5	1
  -1.5	0
  -0.5	18
   0.5	7
   1.5	1
   2.5	0
   3.5	3
   4.5	3.5
   5.5	8
   6.5	3
   7.5	3
   8.5	2
   9.5	3
  10.5	3
  11.5	8.5
  12.5	4
  13.5	5
  14.5	6
  15.5	4
  16.5	5
  17.5	3.33333
  18.5	4
  19.5	5
  20.5	1
  21.5	5
  22.5	7.33333
  23.5	1
  24.5	9
  25.5	1
  26.5	5
  27.5	4.33333
  28.5	1
  29.5	6
  30.5	12
  31.5	6
  32.5	4
  33.5	2
  34.5	3
  35.5	6
  36.5	5
  37.5	6
  38.5	2
  39.5	5.5
  40.5	2
  41.5	3
  42.5	1
  43.5	2
  44.5	9
  45.5	5
  46.5	6
  47.5	3
  48.5	5
  49.5	5
  50.5	5
  51.5	4
  52.5	2
  53.5	2.5
  54.5	4
  55.5	6
  56.5	4
  57.5	7.5
  58.5	3
  59.5	8
  60.5	4
  61.5	3
  62.5	7.5
  63.5	3.5
  64.5	4.5
  65.5	6
  66.5	3
  67.5	5
  68.5	3
  69.5	4
  70.5	4
  71.5	6
  72.5	8
  73.5	1
  74.5	8
  75.5	4
  76.5	8
  77.5	5
  78.5	3
  79.5	4
  80.5	11
  81.5	6
  82.5	5
  83.5	5
  84.5	9
  85.5	4
  86.5	3
  87.5	4.5
  88.5	5
  89.5	6
  90.5	5.5
  91.5	2
  92.5	7
  93.5	4
  94.5	5
  95.5	4
  96.5	3
DB 2 MOTIF	PIF3	PIF3
 -96.5	1
 -95.5	0
 -94.5	1
 -93.5	1
 -92.5	1
 -91.5	2
 -90.5	0
 -89.5	2
 -88.5	0
 -87.5	0
 -86.5	2
 -85.5	3
 -84.5	1.5
 -83.5	0
 -82.5	1
 -81.5	1
 -80.5	0
 -79.5	1
 -78.5	1
 -77.5	0
 -76.5	1.5
 -75.5	1
 -74.5	1
 -73.5	0
 -72.5	1
 -71.5	0
 -70.5	0
 -69.5	1
 -68.5	0
 -67.5	0
 -66.5	0
 -65.5	3
 -64.5	1
 -63.5	0
 -62.5	1
 -61.5	0
 -60.5	0
 -59.5	1
 -58.5	1
 -57.5	0
 -56.5	0
 -55.5	0
 -54.5	3
 -53.5	1
 -52.5	0
 -51.5	0
 -50.5	1
 -49.5	0
 -48.5	1
 -47.5	0
 -46.5	0
 -45.5	0
 -44.5	1.5
 -43.5	1
 -42.5	0
 -41.5	2
 -40.5	0
 -39.5	0
 -38.5	2
 -37.5	0
 -36.5	0
 -35.5	0
 -34.5	3
 -33.5	1
 -32.5	0
 -31.5	1
 -30.5	0
 -29.5	1
 -28.5	0
 -27.5	1
 -26.5	0
 -25.5	0
 -24.5	0
 -23.5	0
 -22.5	1
 -21.5	0
 -20.5	2
 -19.5	0
 -18.5	0
 -17.5	0
 -16.5	0.5
 -15.5	0
 -14.5	1
 -13.5	0
 -12.5	1
 -11.5	1
 -10.5	2
  -9.5	0
  -8.5	0.5
  -7.5	0.5
  -6.5	3
  -5.5	0
  -4.5	0
  -3.5	0
  -2.5	2
  -1.5	0
  -0.5	20
   0.5	19
   1.5	0
   2.5	0
   3.5	1
   4.5	0
   5.5	0
   6.5	2
   7.5	1
   8.5	2
   9.5	0
  10.5	0
  11.5	0
  12.5	1
  13.5	1
  14.5	1
  15.5	1
  16.5	0
  17.5	0
  18.5	0
  19.5	0
  20.5	0
  21.5	1
  22.5	0
  23.5	1
  24.5	1
  25.5	1
  26.5	1
  27.5	0
  28.5	0
  29.5	1
  30.5	1
  31.5	0
  32.5	1
  33.5	0
  34.5	0
  35.5	3
  36.5	0
  37.5	1
  38.5	0
  39.5	2
  40.5	0
  41.5	0
  42.5	0
  43.5	0
  44.5	0
  45.5	0
  46.5	0
  47.5	1
  48.5	0.5
  49.5	2
  50.5	2
  51.5	1
  52.5	1
  53.5	0
  54.5	2
  55.5	1
  56.5	0
  57.5	0
  58.5	1
  59.5	2
  60.5	2
  61.5	1
  62.5	1
  63.5	2
  64.5	0
  65.5	2
  66.5	3
  67.5	1
  68.5	2
  69.5	0.5
  70.5	1
  71.5	0
  72.5	1
  73.5	1
  74.5	3
  75.5	1
  76.5	1
  77.5	0
  78.5	0
  79.5	1
  80.5	0
  81.5	1
  82.5	0
  83.5	2
  84.5	1
  85.5	0
  86.5	0
  87.5	2
  88.5	2
  89.5	0
  90.5	2
  91.5	1
  92.5	0
  93.5	2
  94.5	0
  95.5	0
  96.5	0
DB 2 MOTIF	MYC2	MYC2
 -96.5	1
 -95.5	1
 -94.5	4
 -93.5	3
 -92.5	1
 -91.5	3
 -90.5	2
 -89.5	5
 -88.5	3.5
 -87.5	1
 -86.5	2.5
 -85.5	5
 -84.5	4
 -83.5	2
 -82.5	3
 -81.5	2
 -80.5	4
 -79.5	3
 -78.5	1
 -77.5	1
 -76.5	3
 -75.5	4
 -74.5	1
 -73.5	3
 -72.5	1
 -71.5	4
 -70.5	5
 -69.5	3.5
 -68.5	1
 -67.5	0
 -66.5	0
 -65.5	3
 -64.5	2
 -63.5	1
 -62.5	3
 -61.5	3
 -60.5	3
 -59.5	1
 -58.5	3
 -57.5	3
 -56.5	3
 -55.5	3
 -54.5	3
 -53.5	2
 -52.5	1
 -51.5	2
 -50.5	2
 -49.5	4
 -48.5	2
 -47.5	1
 -46.5	3
 -45.5	3
 -44.5	1.5
 -43.5	5
 -42.5	3
 -41.5	2
 -40.5	0
 -39.5	2
 -38.5	5
 -37.5	3
 -36.5	3
 -35.5	4
 -34.5	4
 -33.5	5
 -32.5	2
 -31.5	1
 -30.5	2
 -29.5	3
 -28.5	3
 -27.5	5
 -26.5	2
 -25.5	2
 -24.5	2
 -23.5	1
 -22.5	6
 -21.5	2
 -20.5	2
 -19.5	4
 -18.5	3
 -17.5	4
 -16.5	5
 -15.5	3
 -14.5	1
 -13.5	4
 -12.5	4
 -11.5	2
 -10.5	4
  -9.5	4
  -8.5	4
  -7.5	1.5
  -6.5	1
  -5.5	3
  -4.5	6
  -3.5	0
  -2.5	4
  -1.5	1
  -0.5	14
   0.5	18
   1.5	0
   2.5	1
   3.5	0
   4.5	5
   5.5	0
   6.5	4
   7.5	2.5
   8.5	4
   9.5	1
  10.5	0
  11.5	1
  12.5	3
  13.5	3.5
  14.5	1
  15.5	3
  16.5	2
  17.5	3
  18.5	1
  19.5	1
  20.5	1
  21.5	1
  22.5	3.5
  23.5	4
  24.5	2
  25.5	2
  26.5	6
  27.5	8
  28.5	4
  29.5	1
  30.5	5
  31.5	4
  32.5	2
  33.5	2
  34.5	2
  35.5	1
  36.5	2
  37.5	2
  38.5	2
  39.5	7
  40.5	4
  41.5	2
  42.5	0
  43.5	0
  44.5	6
  45.5	3
  46.5	1
  47.5	0
  48.5	3.5
  49.5	5
  50.5	6
  51.5	3
  52.5	1
  53.5	1
  54.5	4
  55.5	2
  56.5	1
  57.5	1
  58.5	0
  59.5	3
  60.5	3
  61.5	2
  62.5	1
  63.5	4
  64.5	0
  65.5	1
  66.5	2
  67.5	1
  68.5	2
  69.5	3.5
  70.5	6
  71.5	5
  72.5	2
  73.5	6
  74.5	4
  75.5	3
  76.5	4
  77.5	1
  78.5	1
  79.5	2
  80.5	2
  81.5	4
  82.5	3
  83.5	2
  84.5	0
  85.5	0
  86.5	1
  87.5	2
  88.5	3
  89.5	1
  90.5	1
  91.5	1
  92.5	0
  93.5	5
  94.5	0
  95.5	3
  96.5	1
DB 2 MOTIF	PIF5	PIF5
 -96.5	0
 -95.5	3
 -94.5	8
 -93.5	2
 -92.5	4
 -91.5	0
 -90.5	2
 -89.5	5
 -88.5	2
 -87.5	0
 -86.5	2
 -85.5	4
 -84.5	6.5
 -83.5	3
 -82.5	2
 -81.5	5
 -80.5	3
 -79.5	4
 -78.5	4
 -77.5	1
 -76.5	4.5
 -75.5	3
 -74.5	2
 -73.5	2
 -72.5	3
 -71.5	5
 -70.5	5.5
 -69.5	2
 -68.5	4
 -67.5	3
 -66.5	1
 -65.5	2
 -64.5	0
 -63.5	1
 -62.5	3
 -61.5	0
 -60.5	3
 -59.5	1
 -58.5	3
 -57.5	3
 -56.5	2
 -55.5	2
 -54.5	2
 -53.5	3
 -52.5	4
 -51.5	3
 -50.5	4
 -49.5	2
 -48.5	3
 -47.5	1
 -46.5	4
 -45.5	5
 -44.5	3
 -43.5	5
 -42.5	1
 -41.5	0
 -40.5	1
 -39.5	2
 -38.5	1
 -37.5	2
 -36.5	2
 -35.5	3.5
 -34.5	3
 -33.5	2
 -32.5	3
 -31.5	2
 -30.5	1
 -29.5	2
 -28.5	2
 -27.5	2
 -26.5	2
 -25.5	3
 -24.5	1
 -23.5	1
 -22.5	7
 -21.5	0
 -20.5	0
 -19.5	3
 -18.5	0
 -17.5	6
 -16.5	2
 -15.5	7
 -14.5	1
 -13.5	5
 -12.5	3
 -11.5	4.5
 -10.5	4.5
  -9.5	1
  -8.5	2.5
  -7.5	3
  -6.5	3
  -5.5	2.5
  -4.5	3
  -3.5	0
  -2.5	4.33333
  -1.5	0
  -0.5	24.5
   0.5	32.5
   1.5	0
   2.5	2
   3.5	1.33333
   4.5	5
   5.5	0
   6.5	4
   7.5	2
   8.5	5
   9.5	0.333333
  10.5	3
  11.5	0
  12.5	2
  13.5	4
  14.5	1.5
  15.5	2
  16.5	5
  17.5	4
  18.5	2
  19.5	2
  20.5	3
  21.5	1
  22.5	1
  23.5	3
  24.5	2
  25.5	1
  26.5	4
  27.5	5
  28.5	3
  29.5	2
  30.5	8
  31.5	1
  32.5	3
  33.5	0
  34.5	3
  35.5	2
  36.5	3
  37.5	3
  38.5	3
  39.5	4
  40.5	1
  41.5	1
  42.5	3
  43.5	0
  44.5	1
  45.5	2
  46.5	3
  47.5	3
  48.5	5
  49.5	5
  50.5	3
  51.5	2
  52.5	1
  53.5	3
  54.5	4
  55.5	2
  56.5	2
  57.5	1
  58.5	1
  59.5	5
  60.5	5
  61.5	3
  62.5	1
  63.5	3
  64.5	1
  65.5	3
  66.5	0
  67.5	0
  68.5	0
  69.5	3.5
  70.5	2
  71.5	2
  72.5	2
  73.5	3
  74.5	3
  75.5	4
  76.5	3
  77.5	4
  78.5	0
  79.5	2
  80.5	3
  81.5	6
  82.5	0
  83.5	3
  84.5	3
  85.5	2
  86.5	0
  87.5	4
  88.5	4
  89.5	2
  90.5	0
  91.5	1
  92.5	0
  93.5	5
  94.5	0
  95.5	2
  96.5	2
DB 2 MOTIF	PIF4	PIF4
 -96.5	1
 -95.5	1
 -94.5	6
 -93.5	2.5
 -92.5	3
 -91.5	0
 -90.5	3.5
 -89.5	3
 -88.5	2.5
 -87.5	0
 -86.5	1.5
 -85.5	5
 -84.5	5
 -83.5	1
 -82.5	3
 -81.5	3.5
 -80.5	4
 -79.5	3
 -78.5	0
 -77.5	1
 -76.5	3
 -75.5	3
 -74.5	0
 -73.5	2
 -72.5	2
 -71.5	1
 -70.5	4
 -69.5	1
 -68.5	1
 -67.5	4
 -66.5	1
 -65.5	2
 -64.5	1
 -63.5	2
 -62.5	2
 -61.5	1
 -60.5	1
 -59.5	0
 -58.5	2
 -57.5	2
 -56.5	3
 -55.5	2
 -54.5	3
 -53.5	1
 -52.5	3
 -51.5	1
 -50.5	3
 -49.5	1
 -48.5	2
 -47.5	0
 -46.5	4.5
 -45.5	3
 -44.5	3
 -43.5	5
 -42.5	2
 -41.5	0
 -40.5	2
 -39.5	0
 -38.5	3
 -37.5	2
 -36.5	2
 -35.5	3
 -34.5	4
 -33.5	3
 -32.5	2
 -31.5	0
 -30.5	2
 -29.5	2
 -28.5	1
 -27.5	4
 -26.5	3.5
 -25.5	3
 -24.5	1
 -23.5	2
 -22.5	4
 -21.5	2
 -20.5	0
 -19.5	5
 -18.5	1
 -17.5	3
 -16.5	4.5
 -15.5	4
 -14.5	1.25
 -13.5	2
 -12.5	2.25
 -11.5	1.5
 -10.5	6.75
  -9.5	3
  -8.5	3.25
  -7.5	1.5
  -6.5	5
  -5.5	4.5
  -4.5	5
  -3.5	0
  -2.5	3
  -1.5	0.5
  -0.5	12
   0.5	18
   1.5	0
   2.5	2
   3.5	1
   4.5	4.5
   5.5	1
   6.5	4
   7.5	3
   8.5	6
   9.5	1
  10.5	1
  11.5	2
  12.5	1
  13.5	2
  14.5	0
  15.5	1
  16.5	5
  17.5	3
  18.5	3
  19.5	0
  20.5	1
  21.5	2
  22.5	2
  23.5	3
  24.5	3
  25.5	3
  26.5	4
  27.5	7
  28.5	2
  29.5	1
  30.5	4
  31.5	0
  32.5	3
  33.5	1.33333
  34.5	0
  35.5	1.33333
  36.5	2
  37.5	2.33333
  38.5	3
  39.5	6
  40.5	2
  41.5	1
  42.5	3
  43.5	0
  44.5	3
  45.5	5.5
  46.5	1.5
  47.5	0.5
  48.5	5
  49.5	4
  50.5	1
  51.5	2
  52.5	1
  53.5	1
  54.5	4
  55.5	1.33333
  56.5	1
  57.5	2.33333
  58.5	1
  59.5	6.33333
  60.5	3.5
  61.5	0
  62.5	1.5
  63.5	2
  64.5	0
  65.5	1
  66.5	2
  67.5	0
  68.5	2
  69.5	1.5
  70.5	3
  71.5	3
  72.5	3
  73.5	2
  74.5	4
  75.5	1
  76.5	2
  77.5	2
  78.5	1
  79.5	3
  80.5	1
  81.5	6
  82.5	1
  83.5	1
  84.5	0.5
  85.5	2
  86.5	1.5
  87.5	2
  88.5	2
  89.5	2
  90.5	2
  91.5	0
  92.5	1
  93.5	6
  94.5	0.5
  95.5	2
  96.5	0.5
DB 2 MOTIF	MYC4	MYC4
 -96.5	1
 -95.5	2
 -94.5	3
 -93.5	1
 -92.5	1
 -91.5	3
 -90.5	1
 -89.5	5
 -88.5	3
 -87.5	1
 -86.5	2
 -85.5	5
 -84.5	3
 -83.5	0
 -82.5	3
 -81.5	2
 -80.5	2
 -79.5	2
 -78.5	0
 -77.5	1
 -76.5	2
 -75.5	2
 -74.5	1
 -73.5	2
 -72.5	0
 -71.5	1
 -70.5	3
 -69.5	3
 -68.5	1
 -67.5	0
 -66.5	0
 -65.5	1
 -64.5	2
 -63.5	1
 -62.5	1
 -61.5	3
 -60.5	2
 -59.5	1
 -58.5	3
 -57.5	2
 -56.5	2
 -55.5	3
 -54.5	3
 -53.5	1
 -52.5	2
 -51.5	1
 -50.5	2
 -49.5	3
 -48.5	0
 -47.5	1
 -46.5	2
 -45.5	0
 -44.5	1.5
 -43.5	2
 -42.5	2
 -41.5	3
 -40.5	0
 -39.5	2
 -38.5	4
 -37.5	0
 -36.5	3
 -35.5	3
 -34.5	3
 -33.5	4
 -32.5	2
 -31.5	2
 -30.5	0
 -29.5	3
 -28.5	3
 -27.5	3
 -26.5	2
 -25.5	1
 -24.5	1
 -23.5	1
 -22.5	2
 -21.5	0
 -20.5	1
 -19.5	3
 -18.5	3
 -17.5	2
 -16.5	4
 -15.5	2
 -14.5	1
 -13.5	2
 -12.5	4
 -11.5	1
 -10.5	4
  -9.5	1
  -8.5	3
  -7.5	1.5
  -6.5	1
  -5.5	2
  -4.5	3
  -3.5	0
  -2.5	3
  -1.5	1
  -0.5	17
   0.5	22
   1.5	0
   2.5	0
   3.5	0
   4.5	2
   5.5	0
   6.5	3
   7.5	1
   8.5	3
   9.5	1
  10.5	0
  11.5	2
  12.5	3
  13.5	2
  14.5	1
  15.5	1
  16.5	1
  17.5	3
  18.5	1
  19.5	0
  20.5	0
  21.5	1
  22.5	4
  23.5	3
  24.5	3
  25.5	2
  26.5	2
  27.5	7
  28.5	2
  29.5	1
  30.5	5
  31.5	2
  32.5	2
  33.5	2
  34.5	2
  35.5	1
  36.5	3
  37.5	1
  38.5	2
  39.5	5
  40.5	3
  41.5	0
  42.5	0
  43.5	0
  44.5	4
  45.5	3
  46.5	2
  47.5	0
  48.5	4.5
  49.5	6
  50.5	4
  51.5	3
  52.5	2
  53.5	1
  54.5	2
  55.5	2
  56.5	0
  57.5	0
  58.5	0
  59.5	4
  60.5	2
  61.5	1
  62.5	0
  63.5	4
  64.5	0
  65.5	2
  66.5	3
  67.5	2
  68.5	0
  69.5	2.5
  70.5	6
  71.5	3
  72.5	1
  73.5	3
  74.5	4
  75.5	3
  76.5	3
  77.5	1
  78.5	0
  79.5	2
  80.5	2
  81.5	3
  82.5	1
  83.5	3
  84.5	0
  85.5	0
  86.5	1
  87.5	0
  88.5	3
  89.5	1
  90.5	0
  91.5	1
  92.5	0
  93.5	5
  94.5	0
  95.5	2
  96.5	1
DB 2 MOTIF	MYC3	MYC3
 -96.5	1
 -95.5	1
 -94.5	3
 -93.5	2
 -92.5	2
 -91.5	3
 -90.5	1
 -89.5	6
 -88.5	5
 -87.5	1
 -86.5	3
 -85.5	7
 -84.5	5
 -83.5	3
 -82.5	4
 -81.5	3
 -80.5	5
 -79.5	4
 -78.5	1
 -77.5	2
 -76.5	3
 -75.5	5
 -74.5	1
 -73.5	4
 -72.5	1
 -71.5	2
 -70.5	5
 -69.5	4.5
 -68.5	1
 -67.5	0
 -66.5	0
 -65.5	2
 -64.5	4
 -63.5	1
 -62.5	4
 -61.5	4
 -60.5	4
 -59.5	1
 -58.5	4
 -57.5	3
 -56.5	3
 -55.5	3
 -54.5	4
 -53.5	2
 -52.5	1
 -51.5	2
 -50.5	3
 -49.5	3
 -48.5	0
 -47.5	1
 -46.5	2
 -45.5	2
 -44.5	1.5
 -43.5	4
 -42.5	3
 -41.5	2
 -40.5	0
 -39.5	2
 -38.5	4
 -37.5	3
 -36.5	4
 -35.5	3
 -34.5	5
 -33.5	5
 -32.5	2
 -31.5	2.5
 -30.5	2
 -29.5	3
 -28.5	3
 -27.5	3
 -26.5	2
 -25.5	1
 -24.5	1
 -23.5	1
 -22.5	4
 -21.5	1
 -20.5	1
 -19.5	4
 -18.5	3
 -17.5	1
 -16.5	5
 -15.5	4
 -14.5	1
 -13.5	4
 -12.5	3
 -11.5	2.5
 -10.5	6
  -9.5	5
  -8.5	4
  -7.5	0.5
  -6.5	4
  -5.5	2.5
  -4.5	3
  -3.5	0
  -2.5	5
  -1.5	1
  -0.5	21
   0.5	26
   1.5	0
   2.5	0
   3.5	3
   4.5	1
   5.5	0
   6.5	4.5
   7.5	4.5
   8.5	3
   9.5	2
  10.5	1
  11.5	1
  12.5	4
  13.5	4.5
  14.5	2
  15.5	3
  16.5	3
  17.5	3
  18.5	1
  19.5	2
  20.5	1
  21.5	0
  22.5	3.5
  23.5	5
  24.5	3
  25.5	2
  26.5	3
  27.5	9
  28.5	4
  29.5	1
  30.5	6
  31.5	4
  32.5	3
  33.5	2
  34.5	2
  35.5	2
  36.5	2
  37.5	2
  38.5	4
  39.5	8
  40.5	4
  41.5	2
  42.5	1
  43.5	0
  44.5	6
  45.5	3
  46.5	2
  47.5	0
  48.5	4.5
  49.5	6
  50.5	6
  51.5	2
  52.5	2
  53.5	1
  54.5	4
  55.5	1
  56.5	0
  57.5	0
  58.5	0
  59.5	5
  60.5	3
  61.5	2
  62.5	4
  63.5	4
  64.5	0
  65.5	2
  66.5	4
  67.5	1
  68.5	4
  69.5	3.5
  70.5	9
  71.5	5
  72.5	2
  73.5	5
  74.5	5
  75.5	5
  76.5	4
  77.5	3
  78.5	2
  79.5	2
  80.5	2
  81.5	2
  82.5	3
  83.5	3
  84.5	0
  85.5	0
  86.5	1
  87.5	1
  88.5	3
  89.5	3
  90.5	0
  91.5	1
  92.5	1
  93.5	4
  94.5	0
  95.5	4
  96.5	2
DB 2 MOTIF	ERF1	ERF1
 -96.5	5
 -95.5	1.5
 -94.5	2
 -93.5	3
 -92.5	2.5
 -91.5	1
 -90.5	4
 -89.5	0
 -88.5	2
 -87.5	2
 -86.5	1
 -85.5	3
 -84.5	3
 -83.5	3
 -82.5	1
 -81.5	2
 -80.5	2
 -79.5	4
 -78.5	1.25
 -77.5	3
 -76.5	4
 -75.5	4
 -74.5	1
 -73.5	3
 -72.5	5
 -71.5	0
 -70.5	1
 -69.5	2
 -68.5	4
 -67.5	6
 -66.5	4.5
 -65.5	0
 -64.5	1
 -63.5	1
 -62.5	3.33333
 -61.5	3
 -60.5	1
 -59.5	5.33333
 -58.5	1
 -57.5	0
 -56.5	4.33333
 -55.5	2
 -54.5	1.5
 -53.5	1
 -52.5	1
 -51.5	3.5
 -50.5	4.33333
 -49.5	0
 -48.5	0
 -47.5	3.33333
 -46.5	4
 -45.5	6
 -44.5	0.333333
 -43.5	2
 -42.5	1
 -41.5	3
 -40.5	4
 -39.5	4
 -38.5	2
 -37.5	5.5
 -36.5	1
 -35.5	2
 -34.5	4
 -33.5	1
 -32.5	2
 -31.5	1
 -30.5	1
 -29.5	5
 -28.5	3
 -27.5	2
 -26.5	1.5
 -25.5	2
 -24.5	4
 -23.5	0.5
 -22.5	1
 -21.5	2
 -20.5	3
 -19.5	0
 -18.5	2
 -17.5	2
 -16.5	0.333333
 -15.5	2.5
 -14.5	7
 -13.5	3
 -12.5	3.5
 -11.5	3.5
 -10.5	2
  -9.5	3
  -8.5	2.25
  -7.5	1
  -6.5	0
  -5.5	10.25
  -4.5	1
  -3.5	3
  -2.5	21.25
  -1.5	2
  -0.5	5
   0.5	3
   1.5	1
   2.5	25
   3.5	5
   4.5	4.5
   5.5	9.5
   6.5	4
   7.5	1
   8.5	3
   9.5	5
  10.5	1
  11.5	5.5
  12.5	3
  13.5	1
  14.5	2.5
  15.5	0
  16.5	3
  17.5	5
  18.5	4
  19.5	1
  20.5	4
  21.5	4
  22.5	6
  23.5	3
  24.5	8.5
  25.5	2
  26.5	4
  27.5	4.5
  28.5	1
  29.5	2.33333
  30.5	4
  31.5	2
  32.5	1
  33.5	1
  34.5	2
  35.5	1
  36.5	0
  37.5	1
  38.5	1
  39.5	3
  40.5	1
  41.5	1
  42.5	4
  43.5	0
  44.5	2
  45.5	5
  46.5	3.5
  47.5	3
  48.5	1
  49.5	2
  50.5	1
  51.5	3
  52.5	3
  53.5	2
  54.5	2.5
  55.5	3
  56.5	3
  57.5	3.5
  58.5	1
  59.5	0
  60.5	2
  61.5	6
  62.5	8
  63.5	0
  64.5	3
  65.5	6
  66.5	0
  67.5	1
  68.5	0
  69.5	5
  70.5	2
  71.5	3
  72.5	4.5
  73.5	3
  74.5	4
  75.5	2
  76.5	1
  77.5	2
  78.5	4
  79.5	5.83333
  80.5	4
  81.5	7
  82.5	2
  83.5	3
  84.5	0.5
  85.5	2
  86.5	7
  87.5	2.5
  88.5	2
  89.5	5
  90.5	1
  91.5	11
  92.5	5
  93.5	5
  94.5	2
  95.5	3
  96.5	4
