MEME version 5.5.5 (Thu Sep 14 08:48:04 2023 +1000)

ALPHABET= ACGT

strands: + -

Background letter frequencies (from file `meme_chip_maxw_15/EREB147.rep1.top1000.fa/background'):
A 0.17830 C 0.32170 G 0.32170 T 0.17830 

MOTIF 1 GRCGRCGACGRCGRC-MEME-1

letter-probability matrix: alength= 4 w= 15 nsites= 167 E= 4.3e-045
  0.095808	  0.191617	  0.676647	  0.035928	
  0.479042	  0.059880	  0.335329	  0.125749	
  0.149701	  0.598802	  0.191617	  0.059880	
  0.173653	  0.119760	  0.706587	  0.000000	
  0.407186	  0.029940	  0.532934	  0.029940	
  0.101796	  0.640719	  0.047904	  0.209581	
  0.000000	  0.000000	  1.000000	  0.000000	
  0.748503	  0.000000	  0.251497	  0.000000	
  0.035928	  0.874251	  0.059880	  0.029940	
  0.143713	  0.029940	  0.826347	  0.000000	
  0.359281	  0.000000	  0.598802	  0.041916	
  0.059880	  0.904192	  0.017964	  0.017964	
  0.000000	  0.000000	  1.000000	  0.000000	
  0.562874	  0.041916	  0.347305	  0.047904	
  0.023952	  0.832335	  0.143713	  0.000000	

MOTIF 2 WGTTWTTTTTWTTDT-MEME-2

letter-probability matrix: alength= 4 w= 15 nsites= 55 E= 1.0e-039
  0.363636	  0.163636	  0.109091	  0.363636	
  0.054545	  0.218182	  0.490909	  0.236364	
  0.127273	  0.109091	  0.000000	  0.763636	
  0.181818	  0.000000	  0.000000	  0.818182	
  0.418182	  0.000000	  0.036364	  0.545455	
  0.000000	  0.236364	  0.072727	  0.690909	
  0.000000	  0.000000	  0.000000	  1.000000	
  0.236364	  0.090909	  0.145455	  0.527273	
  0.145455	  0.000000	  0.127273	  0.727273	
  0.000000	  0.109091	  0.109091	  0.781818	
  0.381818	  0.054545	  0.000000	  0.563636	
  0.254545	  0.181818	  0.000000	  0.563636	
  0.127273	  0.000000	  0.000000	  0.872727	
  0.327273	  0.054545	  0.236364	  0.381818	
  0.000000	  0.109091	  0.127273	  0.763636	

MOTIF 3 1-GACGGCGACG-STREME-1

letter-probability matrix: alength= 4 w= 10 nsites= 455 E= 3.9e-005
  0.050715	  0.000132	  0.926013	  0.023140	
  0.862845	  0.006691	  0.129471	  0.000993	
  0.038536	  0.748587	  0.062282	  0.150595	
  0.167486	  0.094262	  0.678513	  0.059740	
  0.198604	  0.014328	  0.765830	  0.021237	
  0.081041	  0.690466	  0.103879	  0.124614	
  0.027589	  0.014117	  0.894334	  0.063960	
  0.736434	  0.050578	  0.208165	  0.004824	
  0.058142	  0.729075	  0.187666	  0.025118	
  0.099188	  0.143193	  0.713264	  0.044355	

MOTIF 4 6-CCGCCGCCGCAV-STREME-6

letter-probability matrix: alength= 4 w= 12 nsites= 49 E= 4.5e+000
  0.000492	  0.938041	  0.000951	  0.060516	
  0.080524	  0.809679	  0.109305	  0.000492	
  0.280651	  0.000951	  0.657882	  0.060516	
  0.000492	  0.958049	  0.020959	  0.020500	
  0.000492	  0.938041	  0.000951	  0.060516	
  0.040508	  0.000951	  0.958049	  0.000492	
  0.000492	  0.958033	  0.040983	  0.000492	
  0.000492	  0.938041	  0.060975	  0.000492	
  0.000492	  0.000951	  0.998065	  0.000492	
  0.048807	  0.729631	  0.161030	  0.060532	
  0.789196	  0.000951	  0.209361	  0.000492	
  0.200571	  0.369456	  0.289393	  0.140580	

MOTIF 5 TGCCTGCMTGCVTGC-MEME-3

letter-probability matrix: alength= 4 w= 15 nsites= 40 E= 1.7e-010
  0.000000	  0.225000	  0.000000	  0.775000	
  0.025000	  0.025000	  0.950000	  0.000000	
  0.100000	  0.625000	  0.275000	  0.000000	
  0.150000	  0.575000	  0.250000	  0.025000	
  0.000000	  0.100000	  0.000000	  0.900000	
  0.025000	  0.000000	  0.975000	  0.000000	
  0.075000	  0.725000	  0.175000	  0.025000	
  0.300000	  0.500000	  0.125000	  0.075000	
  0.000000	  0.025000	  0.000000	  0.975000	
  0.000000	  0.000000	  1.000000	  0.000000	
  0.000000	  0.900000	  0.100000	  0.000000	
  0.425000	  0.300000	  0.225000	  0.050000	
  0.000000	  0.025000	  0.000000	  0.975000	
  0.100000	  0.050000	  0.850000	  0.000000	
  0.000000	  0.725000	  0.125000	  0.150000	

