MEME version 5.5.5 (Thu Sep 14 08:48:04 2023 +1000)

ALPHABET= ACGT

strands: + -

Background letter frequencies (from file `meme_chip_maxw_15/EREB211.rep2.top1000.fa/background'):
A 0.20580 C 0.29420 G 0.29420 T 0.20580 

MOTIF 1 GCCGCCGCCGCCGCC-MEME-1

letter-probability matrix: alength= 4 w= 15 nsites= 206 E= 7.9e-167
  0.004854	  0.135922	  0.820388	  0.038835	
  0.038835	  0.699029	  0.121359	  0.140777	
  0.033981	  0.927184	  0.000000	  0.038835	
  0.000000	  0.063107	  0.912621	  0.024272	
  0.058252	  0.645631	  0.097087	  0.199029	
  0.160194	  0.805825	  0.000000	  0.033981	
  0.019417	  0.000000	  0.927184	  0.053398	
  0.004854	  0.830097	  0.048544	  0.116505	
  0.019417	  0.902913	  0.038835	  0.038835	
  0.072816	  0.014563	  0.912621	  0.000000	
  0.029126	  0.674757	  0.009709	  0.286408	
  0.155340	  0.810680	  0.000000	  0.033981	
  0.097087	  0.000000	  0.805825	  0.097087	
  0.053398	  0.733010	  0.048544	  0.165049	
  0.000000	  0.650485	  0.199029	  0.150485	

MOTIF 2 1-CGGCGGCGGCG-STREME-1

letter-probability matrix: alength= 4 w= 11 nsites= 190 E= 2.4e-002
  0.000194	  0.828148	  0.020217	  0.151441	
  0.000194	  0.000285	  0.995448	  0.004073	
  0.000194	  0.000285	  0.999327	  0.000194	
  0.000194	  0.926347	  0.073265	  0.000194	
  0.000194	  0.000285	  0.744192	  0.255330	
  0.165777	  0.051241	  0.771650	  0.011332	
  0.000194	  0.999327	  0.000285	  0.000194	
  0.055479	  0.000285	  0.862569	  0.081668	
  0.074624	  0.133043	  0.792139	  0.000194	
  0.000194	  0.876250	  0.123362	  0.000194	
  0.163969	  0.112404	  0.550059	  0.173568	

MOTIF 3 TTTTYTTTYYT-MEME-2

letter-probability matrix: alength= 4 w= 11 nsites= 138 E= 2.1e-083
  0.021739	  0.072464	  0.007246	  0.898551	
  0.072464	  0.195652	  0.007246	  0.724638	
  0.007246	  0.246377	  0.000000	  0.746377	
  0.000000	  0.246377	  0.000000	  0.753623	
  0.115942	  0.500000	  0.000000	  0.384058	
  0.036232	  0.123188	  0.000000	  0.840580	
  0.000000	  0.014493	  0.000000	  0.985507	
  0.014493	  0.036232	  0.079710	  0.869565	
  0.195652	  0.478261	  0.000000	  0.326087	
  0.021739	  0.427536	  0.086957	  0.463768	
  0.000000	  0.000000	  0.000000	  1.000000	

MOTIF 4 SSCGCCGC-MEME-3

letter-probability matrix: alength= 4 w= 8 nsites= 198 E= 1.1e-035
  0.000000	  0.479798	  0.520202	  0.000000	
  0.000000	  0.373737	  0.626263	  0.000000	
  0.000000	  1.000000	  0.000000	  0.000000	
  0.000000	  0.000000	  1.000000	  0.000000	
  0.000000	  1.000000	  0.000000	  0.000000	
  0.000000	  1.000000	  0.000000	  0.000000	
  0.000000	  0.000000	  1.000000	  0.000000	
  0.000000	  1.000000	  0.000000	  0.000000	

MOTIF 5 7-CGCCGCGCGCGCGC-STREME-7

letter-probability matrix: alength= 4 w= 14 nsites= 40 E= 7.0e+000
  0.114640	  0.741049	  0.115028	  0.029284	
  0.000832	  0.029672	  0.968664	  0.000832	
  0.057736	  0.826382	  0.115051	  0.000832	
  0.000832	  0.883274	  0.115062	  0.000832	
  0.000832	  0.115039	  0.826393	  0.057736	
  0.000832	  0.940212	  0.001220	  0.057736	
  0.029284	  0.001220	  0.968664	  0.000832	
  0.000832	  0.968664	  0.029672	  0.000832	
  0.000832	  0.171932	  0.826404	  0.000832	
  0.029284	  0.854856	  0.086576	  0.029284	
  0.029284	  0.058124	  0.883308	  0.029284	
  0.029284	  0.883285	  0.086599	  0.000832	
  0.143091	  0.086576	  0.741049	  0.029284	
  0.000832	  0.883308	  0.029672	  0.086188	

