MEME version 5.5.5 (Thu Sep 14 08:48:04 2023 +1000)

ALPHABET= ACGT

strands: + -

Background letter frequencies (from file `meme_chip_maxw_15/EREB147.rep2.top1000.fa/background'):
A 0.17580 C 0.32420 G 0.32420 T 0.17580 

MOTIF 1 3-CGRCGGCGACGR-STREME-3

letter-probability matrix: alength= 4 w= 12 nsites= 187 E= 1.1e-001
  0.000132	  0.869992	  0.032631	  0.097245	
  0.000132	  0.000257	  0.999479	  0.000132	
  0.616713	  0.005653	  0.377501	  0.000132	
  0.000132	  0.956321	  0.043415	  0.000132	
  0.161986	  0.000257	  0.832230	  0.005527	
  0.229039	  0.150492	  0.582552	  0.037918	
  0.027103	  0.934748	  0.000257	  0.037892	
  0.000132	  0.000257	  0.991847	  0.007764	
  0.697626	  0.061860	  0.240381	  0.000132	
  0.005527	  0.843019	  0.145928	  0.005527	
  0.102646	  0.118955	  0.772873	  0.005527	
  0.274460	  0.206638	  0.459429	  0.059473	

MOTIF 2 VCGVCGRCGGCGACG-MEME-2

letter-probability matrix: alength= 4 w= 15 nsites= 206 E= 1.5e-057
  0.271845	  0.242718	  0.402913	  0.082524	
  0.063107	  0.567961	  0.213592	  0.155340	
  0.135922	  0.131068	  0.723301	  0.009709	
  0.281553	  0.252427	  0.427184	  0.038835	
  0.033981	  0.747573	  0.106796	  0.111650	
  0.004854	  0.000000	  0.995146	  0.000000	
  0.621359	  0.024272	  0.349515	  0.004854	
  0.063107	  0.902913	  0.024272	  0.009709	
  0.252427	  0.000000	  0.747573	  0.000000	
  0.291262	  0.077670	  0.587379	  0.043689	
  0.038835	  0.912621	  0.038835	  0.009709	
  0.000000	  0.000000	  1.000000	  0.000000	
  0.791262	  0.000000	  0.203883	  0.004854	
  0.000000	  0.844660	  0.155340	  0.000000	
  0.087379	  0.199029	  0.713592	  0.000000	

MOTIF 3 AAARAAAAAAWRAAT-MEME-1

letter-probability matrix: alength= 4 w= 15 nsites= 120 E= 4.4e-054
  0.750000	  0.000000	  0.141667	  0.108333	
  0.650000	  0.133333	  0.216667	  0.000000	
  0.650000	  0.150000	  0.000000	  0.200000	
  0.433333	  0.175000	  0.283333	  0.108333	
  0.608333	  0.000000	  0.175000	  0.216667	
  0.733333	  0.016667	  0.133333	  0.116667	
  0.516667	  0.250000	  0.116667	  0.116667	
  0.591667	  0.000000	  0.225000	  0.183333	
  0.916667	  0.083333	  0.000000	  0.000000	
  0.700000	  0.033333	  0.266667	  0.000000	
  0.533333	  0.108333	  0.050000	  0.308333	
  0.483333	  0.225000	  0.291667	  0.000000	
  0.541667	  0.175000	  0.225000	  0.058333	
  0.916667	  0.000000	  0.041667	  0.041667	
  0.208333	  0.166667	  0.200000	  0.425000	

MOTIF 4 RCRCRCACGCA-MEME-3

letter-probability matrix: alength= 4 w= 11 nsites= 80 E= 1.2e-008
  0.625000	  0.000000	  0.375000	  0.000000	
  0.000000	  0.675000	  0.100000	  0.225000	
  0.600000	  0.000000	  0.300000	  0.100000	
  0.000000	  0.725000	  0.000000	  0.275000	
  0.337500	  0.000000	  0.662500	  0.000000	
  0.000000	  0.700000	  0.000000	  0.300000	
  1.000000	  0.000000	  0.000000	  0.000000	
  0.000000	  0.687500	  0.000000	  0.312500	
  0.137500	  0.000000	  0.862500	  0.000000	
  0.000000	  0.812500	  0.000000	  0.187500	
  1.000000	  0.000000	  0.000000	  0.000000	

MOTIF 5 2-CCGGCCGGCGG-STREME-2

letter-probability matrix: alength= 4 w= 11 nsites= 107 E= 4.3e-002
  0.000233	  0.999081	  0.000452	  0.000233	
  0.108789	  0.610485	  0.270987	  0.009740	
  0.000233	  0.000452	  0.999081	  0.000233	
  0.000233	  0.000452	  0.999081	  0.000233	
  0.009740	  0.798510	  0.191517	  0.000233	
  0.282324	  0.636367	  0.081076	  0.000233	
  0.019247	  0.124055	  0.856465	  0.000233	
  0.000233	  0.080545	  0.918988	  0.000233	
  0.142853	  0.667893	  0.185077	  0.004176	
  0.019254	  0.100957	  0.847085	  0.032704	
  0.070754	  0.251502	  0.677511	  0.000233	

MOTIF 6 1-YACTAGTR-STREME-1

letter-probability matrix: alength= 4 w= 8 nsites= 72 E= 3.0e-002
  0.090876	  0.268791	  0.139247	  0.501086	
  0.919636	  0.026884	  0.041386	  0.012095	
  0.089864	  0.604131	  0.199259	  0.106746	
  0.033445	  0.000786	  0.012472	  0.953296	
  0.953296	  0.012472	  0.000786	  0.033445	
  0.106746	  0.199259	  0.604131	  0.089864	
  0.012095	  0.041386	  0.026884	  0.919636	
  0.501086	  0.139247	  0.268791	  0.090876	

