MEME version 5.5.5 (Thu Sep 14 08:48:04 2023 +1000)

ALPHABET= ACGT

strands: + -

Background letter frequencies (from file `meme_chip_maxw_15/EREB18.rep2.top1000.fa/background'):
A 0.23420 C 0.26580 G 0.26580 T 0.23420 

MOTIF 1 SCSRCCGSCCVSCSS-MEME-1

letter-probability matrix: alength= 4 w= 15 nsites= 261 E= 2.6e-116
  0.103448	  0.559387	  0.302682	  0.034483	
  0.068966	  0.689655	  0.210728	  0.030651	
  0.068966	  0.582375	  0.344828	  0.003831	
  0.360153	  0.049808	  0.590038	  0.000000	
  0.000000	  1.000000	  0.000000	  0.000000	
  0.000000	  0.977011	  0.022989	  0.000000	
  0.000000	  0.038314	  0.942529	  0.019157	
  0.187739	  0.459770	  0.352490	  0.000000	
  0.015326	  0.931034	  0.053640	  0.000000	
  0.030651	  0.831418	  0.130268	  0.007663	
  0.264368	  0.337165	  0.371648	  0.026820	
  0.130268	  0.333333	  0.486590	  0.049808	
  0.057471	  0.620690	  0.283525	  0.038314	
  0.180077	  0.490421	  0.329502	  0.000000	
  0.072797	  0.513410	  0.348659	  0.065134	

MOTIF 2 AAAGAAAARRAADWA-MEME-2

letter-probability matrix: alength= 4 w= 15 nsites= 183 E= 3.2e-086
  0.617486	  0.000000	  0.262295	  0.120219	
  0.972678	  0.027322	  0.000000	  0.000000	
  0.633880	  0.000000	  0.240437	  0.125683	
  0.169399	  0.054645	  0.530055	  0.245902	
  0.846995	  0.000000	  0.000000	  0.153005	
  0.808743	  0.000000	  0.191257	  0.000000	
  0.841530	  0.000000	  0.000000	  0.158470	
  0.595628	  0.000000	  0.218579	  0.185792	
  0.338798	  0.054645	  0.606557	  0.000000	
  0.568306	  0.000000	  0.360656	  0.071038	
  0.683060	  0.076503	  0.109290	  0.131148	
  0.978142	  0.000000	  0.000000	  0.021858	
  0.338798	  0.092896	  0.284153	  0.284153	
  0.448087	  0.109290	  0.158470	  0.284153	
  0.546448	  0.092896	  0.191257	  0.169399	

MOTIF 3 1-CCGCCGCCCG-STREME-1

letter-probability matrix: alength= 4 w= 10 nsites= 89 E= 1.6e-001
  0.000513	  0.806641	  0.192332	  0.000513	
  0.004612	  0.749682	  0.213301	  0.032405	
  0.000513	  0.000582	  0.983215	  0.015690	
  0.000513	  0.990804	  0.008170	  0.000513	
  0.010631	  0.988274	  0.000582	  0.000513	
  0.000513	  0.015758	  0.976920	  0.006808	
  0.000513	  0.872025	  0.036448	  0.091014	
  0.030879	  0.946554	  0.015758	  0.006808	
  0.000513	  0.899930	  0.053477	  0.046080	
  0.216292	  0.177664	  0.575165	  0.030879	

MOTIF 4 GYCGSCGYCGC-MEME-3

letter-probability matrix: alength= 4 w= 11 nsites= 95 E= 1.6e-006
  0.000000	  0.031579	  0.968421	  0.000000	
  0.042105	  0.326316	  0.042105	  0.589474	
  0.000000	  1.000000	  0.000000	  0.000000	
  0.000000	  0.073684	  0.926316	  0.000000	
  0.052632	  0.473684	  0.336842	  0.136842	
  0.000000	  0.726316	  0.094737	  0.178947	
  0.000000	  0.000000	  1.000000	  0.000000	
  0.021053	  0.473684	  0.000000	  0.505263	
  0.000000	  1.000000	  0.000000	  0.000000	
  0.000000	  0.136842	  0.863158	  0.000000	
  0.031579	  0.621053	  0.189474	  0.157895	

MOTIF 5 5-CCACCGCCCC-STREME-5

letter-probability matrix: alength= 4 w= 10 nsites= 59 E= 5.0e+000
  0.000550	  0.816748	  0.182152	  0.000550	
  0.000550	  0.975263	  0.023637	  0.000550	
  0.998203	  0.000623	  0.000623	  0.000550	
  0.000550	  0.998277	  0.000623	  0.000550	
  0.033109	  0.965717	  0.000623	  0.000550	
  0.186478	  0.000623	  0.812349	  0.000550	
  0.088676	  0.749513	  0.033182	  0.128629	
  0.167032	  0.831794	  0.000623	  0.000550	
  0.212369	  0.688767	  0.000623	  0.098241	
  0.277571	  0.721256	  0.000623	  0.000550	

