MEME version 5.5.5 (Thu Sep 14 08:48:04 2023 +1000)

ALPHABET= ACGT

strands: + -

Background letter frequencies (from file `meme_chip_maxw_15/EREB172.rep2.top1000.fa/background'):
A 0.16590 C 0.33410 G 0.33410 T 0.16590 

MOTIF 1 CAGCAGCAGCAGCAG-MEME-1

letter-probability matrix: alength= 4 w= 15 nsites= 79 E= 2.6e-048
  0.227848	  0.518987	  0.215190	  0.037975	
  0.683544	  0.151899	  0.113924	  0.050633	
  0.126582	  0.088608	  0.784810	  0.000000	
  0.037975	  0.784810	  0.126582	  0.050633	
  0.886076	  0.113924	  0.000000	  0.000000	
  0.050633	  0.000000	  0.949367	  0.000000	
  0.037975	  0.848101	  0.101266	  0.012658	
  0.810127	  0.075949	  0.000000	  0.113924	
  0.088608	  0.000000	  0.911392	  0.000000	
  0.000000	  0.924051	  0.075949	  0.000000	
  0.594937	  0.227848	  0.177215	  0.000000	
  0.000000	  0.063291	  0.936709	  0.000000	
  0.101266	  0.848101	  0.050633	  0.000000	
  0.772152	  0.000000	  0.000000	  0.227848	
  0.202532	  0.101266	  0.696203	  0.000000	

MOTIF 2 CGGCGGCGGCG-MEME-2

letter-probability matrix: alength= 4 w= 11 nsites= 231 E= 2.5e-045
  0.095238	  0.722944	  0.060606	  0.121212	
  0.038961	  0.000000	  0.961039	  0.000000	
  0.216450	  0.000000	  0.783550	  0.000000	
  0.060606	  0.844156	  0.060606	  0.034632	
  0.000000	  0.000000	  0.974026	  0.025974	
  0.190476	  0.060606	  0.705628	  0.043290	
  0.000000	  0.991342	  0.000000	  0.008658	
  0.000000	  0.000000	  1.000000	  0.000000	
  0.190476	  0.030303	  0.779221	  0.000000	
  0.008658	  0.861472	  0.129870	  0.000000	
  0.043290	  0.000000	  0.956710	  0.000000	

MOTIF 3 3-CGGCGCCGC-STREME-3

letter-probability matrix: alength= 4 w= 9 nsites= 153 E= 1.9e-001
  0.000602	  0.960090	  0.038706	  0.000602	
  0.038323	  0.170806	  0.760284	  0.030586	
  0.000602	  0.096861	  0.901935	  0.000602	
  0.000602	  0.997551	  0.001246	  0.000602	
  0.000602	  0.001246	  0.997551	  0.000602	
  0.000602	  0.949812	  0.001246	  0.048341	
  0.000602	  0.811789	  0.111694	  0.075915	
  0.147090	  0.005075	  0.830159	  0.017676	
  0.044417	  0.953736	  0.001246	  0.000602	

MOTIF 4 MDAAWAAWAAA-MEME-3

letter-probability matrix: alength= 4 w= 11 nsites= 54 E= 1.2e-021
  0.481481	  0.407407	  0.037037	  0.074074	
  0.370370	  0.166667	  0.277778	  0.185185	
  0.777778	  0.000000	  0.000000	  0.222222	
  0.777778	  0.166667	  0.000000	  0.055556	
  0.462963	  0.222222	  0.000000	  0.314815	
  1.000000	  0.000000	  0.000000	  0.000000	
  0.722222	  0.000000	  0.185185	  0.092593	
  0.370370	  0.000000	  0.000000	  0.629630	
  0.833333	  0.166667	  0.000000	  0.000000	
  0.851852	  0.000000	  0.111111	  0.037037	
  0.796296	  0.000000	  0.000000	  0.203704	

MOTIF 5 1-CGCCGCCGCCGCCGC-STREME-1

letter-probability matrix: alength= 4 w= 15 nsites= 405 E= 1.8e-002
  0.012902	  0.884204	  0.046345	  0.056548	
  0.018034	  0.273360	  0.708545	  0.000060	
  0.064250	  0.619748	  0.151614	  0.164388	
  0.115607	  0.850829	  0.000125	  0.033439	
  0.105331	  0.000125	  0.824094	  0.070450	
  0.046280	  0.748119	  0.000125	  0.205477	
  0.000060	  0.984349	  0.000125	  0.015466	
  0.118171	  0.138774	  0.606913	  0.136142	
  0.036006	  0.701912	  0.056613	  0.205470	
  0.150057	  0.735717	  0.114165	  0.000060	
  0.100196	  0.081850	  0.630459	  0.187495	
  0.102766	  0.623805	  0.034568	  0.238860	
  0.124369	  0.875446	  0.000125	  0.000060	
  0.005195	  0.204029	  0.600710	  0.190065	
  0.092495	  0.624880	  0.136206	  0.146418	

MOTIF 6 2-CAGCAGCAGA-STREME-2

letter-probability matrix: alength= 4 w= 10 nsites= 366 E= 2.5e-002
  0.064586	  0.779984	  0.099494	  0.055937	
  0.909886	  0.022225	  0.039863	  0.028026	
  0.046638	  0.101808	  0.809576	  0.041978	
  0.081134	  0.757113	  0.105810	  0.055942	
  0.876045	  0.024387	  0.048239	  0.051329	
  0.069115	  0.110900	  0.780331	  0.039654	
  0.062520	  0.770080	  0.105659	  0.061740	
  0.811533	  0.046248	  0.094811	  0.047408	
  0.143945	  0.186356	  0.605244	  0.064455	
  0.512548	  0.229880	  0.193360	  0.064212	

