MEME version 5.5.5 (Thu Sep 14 08:48:04 2023 +1000)

ALPHABET= ACGT

strands: + -

Background letter frequencies (from file `meme_chip_maxw_15/EREB109.rep2.top1000.fa/background'):
A 0.17060 C 0.32940 G 0.32940 T 0.17060 

MOTIF 1 GCCRCCGCCRCCGCC-MEME-1

letter-probability matrix: alength= 4 w= 15 nsites= 268 E= 1.5e-142
  0.138060	  0.242537	  0.526119	  0.093284	
  0.000000	  0.750000	  0.138060	  0.111940	
  0.033582	  0.906716	  0.000000	  0.059701	
  0.402985	  0.063433	  0.496269	  0.037313	
  0.029851	  0.936567	  0.011194	  0.022388	
  0.067164	  0.876866	  0.000000	  0.055970	
  0.171642	  0.167910	  0.600746	  0.059701	
  0.052239	  0.735075	  0.123134	  0.089552	
  0.000000	  1.000000	  0.000000	  0.000000	
  0.485075	  0.026119	  0.447761	  0.041045	
  0.000000	  1.000000	  0.000000	  0.000000	
  0.037313	  0.925373	  0.000000	  0.037313	
  0.190299	  0.044776	  0.731343	  0.033582	
  0.074627	  0.690299	  0.152985	  0.082090	
  0.007463	  0.932836	  0.000000	  0.059701	

MOTIF 2 4-GCCGCCGCCSC-STREME-4

letter-probability matrix: alength= 4 w= 11 nsites= 485 E= 2.6e-001
  0.126902	  0.000159	  0.872865	  0.000074	
  0.004634	  0.520417	  0.247006	  0.227943	
  0.000074	  0.947518	  0.000159	  0.052249	
  0.116076	  0.151468	  0.732382	  0.000074	
  0.000074	  0.999694	  0.000159	  0.000074	
  0.000074	  0.990022	  0.000159	  0.009745	
  0.143758	  0.069637	  0.766535	  0.020070	
  0.175038	  0.584447	  0.000159	  0.240357	
  0.003297	  0.946579	  0.000159	  0.049965	
  0.193494	  0.233647	  0.462772	  0.110087	
  0.090468	  0.681574	  0.000159	  0.227799	

MOTIF 3 TWTYTWTTTTYWTYY-MEME-2

letter-probability matrix: alength= 4 w= 15 nsites= 64 E= 5.9e-062
  0.140625	  0.156250	  0.015625	  0.687500	
  0.312500	  0.000000	  0.140625	  0.546875	
  0.046875	  0.250000	  0.046875	  0.656250	
  0.062500	  0.343750	  0.000000	  0.593750	
  0.000000	  0.000000	  0.125000	  0.875000	
  0.421875	  0.109375	  0.109375	  0.359375	
  0.000000	  0.000000	  0.000000	  1.000000	
  0.187500	  0.125000	  0.000000	  0.687500	
  0.203125	  0.140625	  0.031250	  0.625000	
  0.250000	  0.000000	  0.000000	  0.750000	
  0.140625	  0.312500	  0.000000	  0.546875	
  0.281250	  0.031250	  0.125000	  0.562500	
  0.140625	  0.078125	  0.000000	  0.781250	
  0.234375	  0.281250	  0.000000	  0.484375	
  0.062500	  0.343750	  0.000000	  0.593750	

MOTIF 4 1-CCGGCCGGCC-STREME-1

letter-probability matrix: alength= 4 w= 10 nsites= 165 E= 8.5e-002
  0.006863	  0.969161	  0.001494	  0.022482	
  0.003027	  0.963385	  0.028103	  0.005486	
  0.025349	  0.141002	  0.738541	  0.095108	
  0.023360	  0.237519	  0.737157	  0.001964	
  0.001551	  0.938079	  0.060062	  0.000308	
  0.001555	  0.985703	  0.010249	  0.002493	
  0.037482	  0.097096	  0.817410	  0.048012	
  0.003667	  0.219402	  0.756462	  0.020470	
  0.000986	  0.927611	  0.066743	  0.004660	
  0.005453	  0.948480	  0.034233	  0.011834	

MOTIF 5 YCGTCGTCGTCGTC-MEME-3

letter-probability matrix: alength= 4 w= 14 nsites= 71 E= 6.8e-023
  0.126761	  0.380282	  0.014085	  0.478873	
  0.098592	  0.521127	  0.197183	  0.183099	
  0.014085	  0.014085	  0.915493	  0.056338	
  0.000000	  0.112676	  0.028169	  0.859155	
  0.056338	  0.929577	  0.000000	  0.014085	
  0.000000	  0.112676	  0.887324	  0.000000	
  0.000000	  0.154930	  0.197183	  0.647887	
  0.070423	  0.774648	  0.000000	  0.154930	
  0.000000	  0.126761	  0.873239	  0.000000	
  0.014085	  0.112676	  0.028169	  0.845070	
  0.000000	  0.957746	  0.000000	  0.042254	
  0.000000	  0.225352	  0.774648	  0.000000	
  0.028169	  0.000000	  0.098592	  0.873239	
  0.112676	  0.802817	  0.000000	  0.084507	

MOTIF 6 8-CGGCACCGGCACC-STREME-8

letter-probability matrix: alength= 4 w= 13 nsites= 27 E= 8.0e+000
  0.000815	  0.748022	  0.143811	  0.107352	
  0.000815	  0.001747	  0.996624	  0.000815	
  0.000815	  0.072772	  0.854574	  0.071840	
  0.000815	  0.996624	  0.001747	  0.000815	
  0.675994	  0.179309	  0.143882	  0.000815	
  0.000815	  0.996624	  0.001747	  0.000815	
  0.000815	  0.996624	  0.001747	  0.000815	
  0.213889	  0.001747	  0.783549	  0.000815	
  0.000815	  0.001747	  0.996624	  0.000815	
  0.000815	  0.996624	  0.001747	  0.000815	
  0.782531	  0.001747	  0.001747	  0.213975	
  0.000815	  0.641499	  0.285847	  0.071840	
  0.071840	  0.890086	  0.037260	  0.000815	

MOTIF 7 2-AGGACGGCW-STREME-2

letter-probability matrix: alength= 4 w= 9 nsites= 147 E= 1.6e-001
  0.692474	  0.000535	  0.142813	  0.164178	
  0.000250	  0.152073	  0.847428	  0.000250	
  0.000250	  0.044069	  0.955432	  0.000250	
  0.898088	  0.000535	  0.000535	  0.100841	
  0.000250	  0.953339	  0.046162	  0.000250	
  0.000250	  0.000535	  0.998965	  0.000250	
  0.172929	  0.033188	  0.793634	  0.000250	
  0.000250	  0.616808	  0.202354	  0.180587	
  0.288148	  0.074853	  0.079995	  0.557004	

MOTIF 8 3-ACGCCGAC-STREME-3

letter-probability matrix: alength= 4 w= 8 nsites= 153 E= 2.3e-001
  0.893933	  0.001043	  0.095813	  0.009211	
  0.015448	  0.927920	  0.016519	  0.040113	
  0.128356	  0.007604	  0.830865	  0.033175	
  0.105624	  0.841663	  0.043289	  0.009424	
  0.059771	  0.838539	  0.080000	  0.021690	
  0.014622	  0.004696	  0.916535	  0.064147	
  0.997427	  0.001043	  0.001043	  0.000486	
  0.001029	  0.948188	  0.045070	  0.005714	

