MEME version 5.5.5 (Thu Sep 14 08:48:04 2023 +1000)

ALPHABET= ACGT

strands: + -

Background letter frequencies (from file `meme_chip_maxw_15/EREB54.rep1.top1000.fa/background'):
A 0.17550 C 0.32450 G 0.32450 T 0.17550 

MOTIF 1 3-RCGGCGGCGGCGGCG-STREME-3

letter-probability matrix: alength= 4 w= 15 nsites= 291 E= 2.6e-001
  0.550053	  0.073832	  0.289376	  0.086740	
  0.116792	  0.672910	  0.132417	  0.077881	
  0.031190	  0.015688	  0.950465	  0.002657	
  0.067573	  0.049410	  0.882954	  0.000063	
  0.096038	  0.781858	  0.072754	  0.049350	
  0.002657	  0.000124	  0.986779	  0.010440	
  0.311406	  0.034922	  0.653609	  0.000063	
  0.067505	  0.828550	  0.033845	  0.070099	
  0.093444	  0.049409	  0.841519	  0.015628	
  0.153176	  0.135011	  0.680623	  0.031190	
  0.085663	  0.691070	  0.160948	  0.062319	
  0.070099	  0.103883	  0.763700	  0.062317	
  0.256932	  0.114265	  0.530170	  0.098632	
  0.101226	  0.584718	  0.243957	  0.070099	
  0.102523	  0.212827	  0.637895	  0.046754	

MOTIF 2 GYCGCCGYCGCCGYC-MEME-1

letter-probability matrix: alength= 4 w= 15 nsites= 161 E= 7.2e-098
  0.000000	  0.186335	  0.745342	  0.068323	
  0.037267	  0.472050	  0.037267	  0.453416	
  0.000000	  0.956522	  0.000000	  0.043478	
  0.018634	  0.093168	  0.888199	  0.000000	
  0.000000	  0.614907	  0.118012	  0.267081	
  0.000000	  0.950311	  0.012422	  0.037267	
  0.000000	  0.043478	  0.894410	  0.062112	
  0.000000	  0.496894	  0.000000	  0.503106	
  0.049689	  0.950311	  0.000000	  0.000000	
  0.037267	  0.024845	  0.881988	  0.055901	
  0.000000	  0.621118	  0.118012	  0.260870	
  0.068323	  0.869565	  0.031056	  0.031056	
  0.037267	  0.024845	  0.937888	  0.000000	
  0.062112	  0.428571	  0.031056	  0.478261	
  0.086957	  0.813665	  0.037267	  0.062112	

MOTIF 3 7-CGCCGGCGCCG-STREME-7

letter-probability matrix: alength= 4 w= 11 nsites= 45 E= 3.5e+000
  0.003664	  0.907848	  0.037286	  0.051202	
  0.000411	  0.068476	  0.913785	  0.017328	
  0.034258	  0.896814	  0.068517	  0.000411	
  0.051161	  0.812203	  0.085434	  0.051202	
  0.000411	  0.019296	  0.929091	  0.051202	
  0.051175	  0.007826	  0.940588	  0.000411	
  0.034258	  0.861438	  0.102324	  0.001981	
  0.036264	  0.109327	  0.820165	  0.034245	
  0.034258	  0.921652	  0.036662	  0.007428	
  0.000411	  0.959263	  0.020979	  0.019347	
  0.010636	  0.075534	  0.896502	  0.017328	

MOTIF 4 AMAMAAACAAAMACA-MEME-2

letter-probability matrix: alength= 4 w= 15 nsites= 57 E= 1.4e-029
  0.614035	  0.000000	  0.228070	  0.157895	
  0.438596	  0.491228	  0.000000	  0.070175	
  0.719298	  0.245614	  0.035088	  0.000000	
  0.473684	  0.438596	  0.017544	  0.070175	
  0.736842	  0.105263	  0.052632	  0.105263	
  0.754386	  0.210526	  0.035088	  0.000000	
  0.824561	  0.000000	  0.070175	  0.105263	
  0.245614	  0.614035	  0.052632	  0.087719	
  0.789474	  0.052632	  0.000000	  0.157895	
  0.771930	  0.228070	  0.000000	  0.000000	
  0.824561	  0.157895	  0.017544	  0.000000	
  0.385965	  0.350877	  0.087719	  0.175439	
  0.614035	  0.105263	  0.105263	  0.175439	
  0.192982	  0.649123	  0.140351	  0.017544	
  0.982456	  0.000000	  0.017544	  0.000000	

MOTIF 5 TCBCTCTCTCTCTCT-MEME-3

letter-probability matrix: alength= 4 w= 15 nsites= 38 E= 1.0e-013
  0.078947	  0.184211	  0.000000	  0.736842	
  0.210526	  0.631579	  0.026316	  0.131579	
  0.052632	  0.368421	  0.236842	  0.342105	
  0.157895	  0.657895	  0.157895	  0.026316	
  0.000000	  0.000000	  0.000000	  1.000000	
  0.131579	  0.868421	  0.000000	  0.000000	
  0.026316	  0.000000	  0.000000	  0.973684	
  0.052632	  0.763158	  0.184211	  0.000000	
  0.000000	  0.105263	  0.105263	  0.789474	
  0.210526	  0.684211	  0.105263	  0.000000	
  0.184211	  0.052632	  0.000000	  0.763158	
  0.131579	  0.578947	  0.263158	  0.026316	
  0.000000	  0.000000	  0.026316	  0.973684	
  0.157895	  0.842105	  0.000000	  0.000000	
  0.000000	  0.105263	  0.131579	  0.763158	

MOTIF 6 5-GCAGCMGCAGC-STREME-5

letter-probability matrix: alength= 4 w= 11 nsites= 122 E= 5.8e-001
  0.048675	  0.207727	  0.743391	  0.000207	
  0.114718	  0.778686	  0.008943	  0.097653	
  0.966678	  0.020632	  0.008943	  0.003747	
  0.008742	  0.029551	  0.961500	  0.000207	
  0.058500	  0.800777	  0.051628	  0.089095	
  0.293085	  0.576977	  0.094304	  0.035634	
  0.133654	  0.060156	  0.763311	  0.042879	
  0.017276	  0.947964	  0.026018	  0.008742	
  0.879277	  0.103035	  0.017480	  0.000207	
  0.042886	  0.178207	  0.753097	  0.025811	
  0.017280	  0.753330	  0.212111	  0.017280	

