MEME version 5.5.5 (Thu Sep 14 08:48:04 2023 +1000)

ALPHABET= ACGT

strands: + -

Background letter frequencies (from file `meme_chip_maxw_15/EREB102.rep1.top1000.fa/background'):
A 0.19680 C 0.30320 G 0.30320 T 0.19680 

MOTIF 1 CGCCGCCGCCG-MEME-2

letter-probability matrix: alength= 4 w= 11 nsites= 191 E= 2.4e-069
  0.000000	  0.890052	  0.083770	  0.026178	
  0.000000	  0.020942	  0.979058	  0.000000	
  0.000000	  0.628272	  0.130890	  0.240838	
  0.000000	  1.000000	  0.000000	  0.000000	
  0.000000	  0.000000	  1.000000	  0.000000	
  0.015707	  0.774869	  0.000000	  0.209424	
  0.000000	  0.937173	  0.000000	  0.062827	
  0.115183	  0.005236	  0.879581	  0.000000	
  0.015707	  0.785340	  0.026178	  0.172775	
  0.026178	  0.848168	  0.000000	  0.125654	
  0.036649	  0.130890	  0.738220	  0.094241	

MOTIF 2 TTTTYTTT-MEME-1

letter-probability matrix: alength= 4 w= 8 nsites= 134 E= 8.1e-066
  0.000000	  0.000000	  0.000000	  1.000000	
  0.000000	  0.082090	  0.000000	  0.917910	
  0.000000	  0.067164	  0.216418	  0.716418	
  0.052239	  0.208955	  0.000000	  0.738806	
  0.000000	  0.417910	  0.037313	  0.544776	
  0.014925	  0.000000	  0.000000	  0.985075	
  0.000000	  0.000000	  0.000000	  1.000000	
  0.082090	  0.000000	  0.000000	  0.917910	

MOTIF 3 CGCCCVYGGTTTYS-MEME-3

letter-probability matrix: alength= 4 w= 14 nsites= 234 E= 8.0e-048
  0.264957	  0.534188	  0.145299	  0.055556	
  0.017094	  0.008547	  0.948718	  0.025641	
  0.000000	  0.914530	  0.025641	  0.059829	
  0.277778	  0.679487	  0.017094	  0.025641	
  0.081197	  0.743590	  0.136752	  0.038462	
  0.418803	  0.299145	  0.269231	  0.012821	
  0.068376	  0.555556	  0.012821	  0.363248	
  0.153846	  0.038462	  0.641026	  0.166667	
  0.000000	  0.000000	  1.000000	  0.000000	
  0.205128	  0.000000	  0.205128	  0.589744	
  0.192308	  0.004274	  0.012821	  0.790598	
  0.029915	  0.038462	  0.000000	  0.931624	
  0.059829	  0.371795	  0.128205	  0.440171	
  0.106838	  0.337607	  0.414530	  0.141026	

MOTIF 4 2-CGSCGCCGCCGC-STREME-2

letter-probability matrix: alength= 4 w= 12 nsites= 143 E= 3.7e-002
  0.035542	  0.757106	  0.127643	  0.079708	
  0.017903	  0.018048	  0.954984	  0.009065	
  0.056870	  0.287226	  0.510760	  0.145145	
  0.009065	  0.981475	  0.000394	  0.009065	
  0.009065	  0.009218	  0.981475	  0.000242	
  0.000242	  0.981475	  0.000394	  0.017889	
  0.053192	  0.831448	  0.044525	  0.070835	
  0.035606	  0.004054	  0.942448	  0.017892	
  0.062030	  0.806425	  0.034190	  0.097355	
  0.053189	  0.902048	  0.000394	  0.044369	
  0.017889	  0.123948	  0.822624	  0.035539	
  0.136291	  0.798902	  0.023374	  0.041433	

MOTIF 5 1-AAACCGBGGGC-STREME-1

letter-probability matrix: alength= 4 w= 11 nsites= 219 E= 4.1e-004
  0.930039	  0.016240	  0.048242	  0.005480	
  0.874457	  0.005574	  0.000238	  0.119730	
  0.674864	  0.170970	  0.000238	  0.153927	
  0.000146	  0.999469	  0.000238	  0.000146	
  0.221098	  0.542490	  0.058000	  0.178411	
  0.264934	  0.016240	  0.718680	  0.000146	
  0.048150	  0.287428	  0.284164	  0.380258	
  0.042818	  0.071565	  0.741437	  0.144180	
  0.037493	  0.000238	  0.706032	  0.256237	
  0.000146	  0.005574	  0.967456	  0.026823	
  0.064164	  0.919451	  0.000238	  0.016147	

MOTIF 6 3-CGCCCACCGT-STREME-3

letter-probability matrix: alength= 4 w= 10 nsites= 97 E= 7.4e-002
  0.072033	  0.867964	  0.035026	  0.024977	
  0.043573	  0.056169	  0.848256	  0.052003	
  0.024980	  0.912000	  0.027780	  0.035239	
  0.015814	  0.936800	  0.035362	  0.012024	
  0.022289	  0.908833	  0.042800	  0.026079	
  0.765563	  0.058587	  0.124044	  0.051805	
  0.048190	  0.856112	  0.028067	  0.067631	
  0.111888	  0.749796	  0.103072	  0.035245	
  0.141636	  0.123073	  0.661194	  0.074096	
  0.124492	  0.170534	  0.176190	  0.528785	

MOTIF 7 8-AAACCGCGGCG-STREME-8

letter-probability matrix: alength= 4 w= 11 nsites= 31 E= 8.0e+000
  0.928402	  0.035335	  0.001512	  0.034751	
  0.982020	  0.001512	  0.001512	  0.014957	
  0.894579	  0.069158	  0.001512	  0.034751	
  0.000928	  0.962809	  0.035335	  0.000928	
  0.068602	  0.793638	  0.069158	  0.068602	
  0.068602	  0.035335	  0.827489	  0.068575	
  0.034751	  0.827489	  0.136832	  0.000928	
  0.034751	  0.001512	  0.928986	  0.034751	
  0.068602	  0.001512	  0.928958	  0.000928	
  0.068575	  0.895162	  0.035335	  0.000928	
  0.136248	  0.069158	  0.793665	  0.000928	

MOTIF 8 7-SGACRGSGACGGGG-STREME-7

letter-probability matrix: alength= 4 w= 14 nsites= 36 E= 6.0e+000
  0.000684	  0.623875	  0.324939	  0.050503	
  0.000684	  0.001113	  0.997520	  0.000684	
  0.997090	  0.001113	  0.001113	  0.000684	
  0.100322	  0.773333	  0.125662	  0.000684	
  0.523806	  0.001113	  0.474397	  0.000684	
  0.100322	  0.001113	  0.897881	  0.000684	
  0.025593	  0.499326	  0.474397	  0.000684	
  0.000684	  0.001113	  0.997520	  0.000684	
  0.922361	  0.001113	  0.075842	  0.000684	
  0.075412	  0.598965	  0.250210	  0.075412	
  0.125232	  0.075862	  0.748403	  0.050503	
  0.075412	  0.250210	  0.648784	  0.025593	
  0.125232	  0.100752	  0.773333	  0.000684	
  0.125232	  0.075862	  0.673674	  0.125232	

