MEME version 5.5.5 (Thu Sep 14 08:48:04 2023 +1000)

ALPHABET= ACGT

strands: + -

Background letter frequencies (from file `meme_chip_maxw_15/EREB54.rep2.top1000.fa/background'):
A 0.17430 C 0.32570 G 0.32570 T 0.17430 

MOTIF 1 GRCGGCGRCGGCGVS-MEME-1

letter-probability matrix: alength= 4 w= 15 nsites= 219 E= 2.7e-115
  0.136986	  0.050228	  0.707763	  0.105023	
  0.333333	  0.127854	  0.488584	  0.050228	
  0.086758	  0.844749	  0.031963	  0.036530	
  0.000000	  0.013699	  0.885845	  0.100457	
  0.278539	  0.000000	  0.703196	  0.018265	
  0.054795	  0.849315	  0.000000	  0.095890	
  0.000000	  0.000000	  1.000000	  0.000000	
  0.347032	  0.095890	  0.557078	  0.000000	
  0.000000	  0.881279	  0.100457	  0.018265	
  0.054795	  0.013699	  0.881279	  0.050228	
  0.305936	  0.000000	  0.694064	  0.000000	
  0.027397	  0.853881	  0.118721	  0.000000	
  0.000000	  0.000000	  1.000000	  0.000000	
  0.392694	  0.210046	  0.365297	  0.031963	
  0.041096	  0.625571	  0.333333	  0.000000	

MOTIF 2 1-GCCGCCGCCGCCS-STREME-1

letter-probability matrix: alength= 4 w= 13 nsites= 281 E= 3.4e-002
  0.005854	  0.180205	  0.813843	  0.000098	
  0.008235	  0.677139	  0.103619	  0.211007	
  0.000098	  0.999608	  0.000195	  0.000098	
  0.170284	  0.049013	  0.654483	  0.126220	
  0.000098	  0.987400	  0.012403	  0.000098	
  0.024522	  0.975184	  0.000195	  0.000098	
  0.000098	  0.142589	  0.800257	  0.057056	
  0.001786	  0.764287	  0.000195	  0.233732	
  0.062810	  0.857911	  0.000195	  0.079084	
  0.044161	  0.095471	  0.691772	  0.168595	
  0.075021	  0.768359	  0.089740	  0.066880	
  0.154536	  0.782444	  0.062921	  0.000098	
  0.054674	  0.287702	  0.479207	  0.178417	

MOTIF 3 3-CGACGACGACGA-STREME-3

letter-probability matrix: alength= 4 w= 12 nsites= 82 E= 2.4e-001
  0.049206	  0.839921	  0.028123	  0.082750	
  0.000332	  0.075002	  0.924334	  0.000332	
  0.998351	  0.000658	  0.000658	  0.000332	
  0.027792	  0.828220	  0.129927	  0.014062	
  0.027792	  0.028129	  0.888828	  0.055251	
  0.698563	  0.075042	  0.083048	  0.143347	
  0.000332	  0.943753	  0.041853	  0.014062	
  0.000332	  0.000658	  0.998677	  0.000332	
  0.945762	  0.053248	  0.000658	  0.000332	
  0.000332	  0.792709	  0.192897	  0.014062	
  0.082711	  0.302758	  0.614199	  0.000332	
  0.643644	  0.069313	  0.198638	  0.088406	

MOTIF 4 TTTWTWWTTDT-MEME-2

letter-probability matrix: alength= 4 w= 11 nsites= 57 E= 2.9e-022
  0.245614	  0.000000	  0.035088	  0.719298	
  0.105263	  0.000000	  0.000000	  0.894737	
  0.070175	  0.000000	  0.000000	  0.929825	
  0.596491	  0.017544	  0.070175	  0.315789	
  0.000000	  0.105263	  0.000000	  0.894737	
  0.298246	  0.105263	  0.000000	  0.596491	
  0.368421	  0.017544	  0.000000	  0.614035	
  0.210526	  0.000000	  0.105263	  0.684211	
  0.175439	  0.070175	  0.000000	  0.754386	
  0.350877	  0.000000	  0.228070	  0.421053	
  0.017544	  0.122807	  0.140351	  0.719298	

MOTIF 5 GTGTGTGYGTG-MEME-3

letter-probability matrix: alength= 4 w= 11 nsites= 50 E= 7.7e-017
  0.040000	  0.000000	  0.880000	  0.080000	
  0.000000	  0.000000	  0.000000	  1.000000	
  0.040000	  0.000000	  0.960000	  0.000000	
  0.080000	  0.280000	  0.060000	  0.580000	
  0.000000	  0.000000	  0.960000	  0.040000	
  0.100000	  0.080000	  0.100000	  0.720000	
  0.000000	  0.000000	  1.000000	  0.000000	
  0.060000	  0.360000	  0.000000	  0.580000	
  0.000000	  0.000000	  1.000000	  0.000000	
  0.000000	  0.060000	  0.000000	  0.940000	
  0.000000	  0.020000	  0.980000	  0.000000	

MOTIF 6 7-CAGCAGCAGC-STREME-7

letter-probability matrix: alength= 4 w= 10 nsites= 61 E= 1.8e+000
  0.042896	  0.659748	  0.081685	  0.215671	
  0.997578	  0.000967	  0.000967	  0.000488	
  0.000488	  0.000967	  0.998057	  0.000488	
  0.020663	  0.917364	  0.000967	  0.061006	
  0.829827	  0.125977	  0.000967	  0.043230	
  0.000488	  0.142317	  0.848343	  0.008853	
  0.000488	  0.836670	  0.041318	  0.121524	
  0.937003	  0.061542	  0.000967	  0.000488	
  0.000488	  0.000967	  0.998057	  0.000488	
  0.000488	  0.920236	  0.058621	  0.020655	

MOTIF 7 8-CCGCGCCGTGCC-STREME-8

letter-probability matrix: alength= 4 w= 12 nsites= 64 E= 5.9e+000
  0.042403	  0.908720	  0.034521	  0.014356	
  0.028385	  0.876900	  0.038306	  0.056409	
  0.014356	  0.014689	  0.908731	  0.062223	
  0.014356	  0.900517	  0.056753	  0.028374	
  0.028374	  0.000672	  0.970615	  0.000339	
  0.014356	  0.872437	  0.112867	  0.000339	
  0.000339	  0.916935	  0.076573	  0.006153	
  0.028374	  0.068381	  0.888889	  0.014356	
  0.042391	  0.240518	  0.118659	  0.598432	
  0.000339	  0.076584	  0.874871	  0.048205	
  0.084455	  0.760326	  0.126845	  0.028374	
  0.084449	  0.712370	  0.160779	  0.042403	

MOTIF 8 2-AAKAAA-STREME-2

letter-probability matrix: alength= 4 w= 6 nsites= 207 E= 4.5e-002
  0.997262	  0.001093	  0.001093	  0.000552	
  0.946456	  0.001093	  0.001093	  0.051358	
  0.000552	  0.032102	  0.578495	  0.388851	
  0.711905	  0.095994	  0.091510	  0.100591	
  0.994318	  0.001093	  0.001093	  0.003496	
  0.777214	  0.043630	  0.070172	  0.108984	

