MEME version 5.5.5 (Thu Sep 14 08:48:04 2023 +1000)

ALPHABET= ACGT

strands: + -

Background letter frequencies (from file `meme_chip_maxw_15/EREB172.rep1.top1000.fa/background'):
A 0.16270 C 0.33730 G 0.33730 T 0.16270 

MOTIF 1 CGGCGGCGGCG-MEME-1

letter-probability matrix: alength= 4 w= 11 nsites= 266 E= 5.8e-097
  0.063910	  0.766917	  0.030075	  0.139098	
  0.037594	  0.000000	  0.962406	  0.000000	
  0.199248	  0.000000	  0.800752	  0.000000	
  0.048872	  0.868421	  0.000000	  0.082707	
  0.000000	  0.000000	  1.000000	  0.000000	
  0.139098	  0.112782	  0.736842	  0.011278	
  0.000000	  0.977444	  0.000000	  0.022556	
  0.000000	  0.000000	  1.000000	  0.000000	
  0.135338	  0.078947	  0.785714	  0.000000	
  0.000000	  0.823308	  0.124060	  0.052632	
  0.003759	  0.000000	  0.996241	  0.000000	

MOTIF 2 4-CGGCGGCGGCGGC-STREME-4

letter-probability matrix: alength= 4 w= 13 nsites= 208 E= 2.3e-001
  0.000125	  0.991389	  0.000264	  0.008222	
  0.000125	  0.048862	  0.904239	  0.046773	
  0.016320	  0.000264	  0.983290	  0.000125	
  0.104953	  0.846073	  0.000264	  0.048710	
  0.008222	  0.038049	  0.948197	  0.005532	
  0.097884	  0.093379	  0.770824	  0.037913	
  0.000125	  0.983292	  0.011059	  0.005523	
  0.021720	  0.000264	  0.934688	  0.043328	
  0.000125	  0.054283	  0.929269	  0.016323	
  0.000125	  0.880848	  0.086652	  0.032375	
  0.081096	  0.015695	  0.903084	  0.000125	
  0.135244	  0.170606	  0.505027	  0.189124	
  0.000125	  0.688023	  0.214663	  0.097188	

MOTIF 3 SAGSAGSAGSAGCAG-MEME-2

letter-probability matrix: alength= 4 w= 15 nsites= 74 E= 4.2e-045
  0.121622	  0.445946	  0.391892	  0.040541	
  0.648649	  0.108108	  0.027027	  0.216216	
  0.121622	  0.067568	  0.810811	  0.000000	
  0.040541	  0.459459	  0.391892	  0.108108	
  0.716216	  0.027027	  0.175676	  0.081081	
  0.108108	  0.000000	  0.891892	  0.000000	
  0.094595	  0.567568	  0.337838	  0.000000	
  0.972973	  0.000000	  0.000000	  0.027027	
  0.000000	  0.094595	  0.891892	  0.013514	
  0.040541	  0.635135	  0.324324	  0.000000	
  0.729730	  0.000000	  0.108108	  0.162162	
  0.013514	  0.000000	  0.986486	  0.000000	
  0.040541	  0.648649	  0.283784	  0.027027	
  1.000000	  0.000000	  0.000000	  0.000000	
  0.000000	  0.000000	  1.000000	  0.000000	

MOTIF 4 3-CAGCGCCGM-STREME-3

letter-probability matrix: alength= 4 w= 9 nsites= 141 E= 2.2e-001
  0.049416	  0.949327	  0.000852	  0.000405	
  0.821794	  0.000852	  0.176950	  0.000405	
  0.108379	  0.000852	  0.881654	  0.009115	
  0.111466	  0.887277	  0.000852	  0.000405	
  0.105073	  0.000852	  0.893671	  0.000405	
  0.079540	  0.919203	  0.000852	  0.000405	
  0.000405	  0.998339	  0.000852	  0.000405	
  0.000405	  0.000852	  0.932124	  0.066620	
  0.425746	  0.479404	  0.094445	  0.000405	

MOTIF 5 HWTYTWBTWTWHTTW-MEME-3

letter-probability matrix: alength= 4 w= 15 nsites= 49 E= 2.8e-015
  0.224490	  0.285714	  0.081633	  0.408163	
  0.306122	  0.000000	  0.142857	  0.551020	
  0.081633	  0.142857	  0.204082	  0.571429	
  0.040816	  0.448980	  0.000000	  0.510204	
  0.000000	  0.000000	  0.244898	  0.755102	
  0.469388	  0.000000	  0.000000	  0.530612	
  0.040816	  0.265306	  0.306122	  0.387755	
  0.081633	  0.102041	  0.000000	  0.816327	
  0.489796	  0.000000	  0.000000	  0.510204	
  0.183673	  0.000000	  0.244898	  0.571429	
  0.408163	  0.000000	  0.000000	  0.591837	
  0.265306	  0.306122	  0.000000	  0.428571	
  0.224490	  0.102041	  0.122449	  0.551020	
  0.326531	  0.000000	  0.000000	  0.673469	
  0.367347	  0.122449	  0.000000	  0.510204	

MOTIF 6 1-CAGCAGCAGCA-STREME-1

letter-probability matrix: alength= 4 w= 11 nsites= 257 E= 1.5e-002
  0.076825	  0.841074	  0.044823	  0.037278	
  0.962635	  0.006492	  0.000303	  0.030571	
  0.095548	  0.175696	  0.697668	  0.031089	
  0.024900	  0.860675	  0.114281	  0.000144	
  0.688495	  0.077152	  0.092343	  0.142010	
  0.199715	  0.134302	  0.653461	  0.012522	
  0.092978	  0.835927	  0.046192	  0.024902	
  0.897628	  0.000303	  0.043640	  0.058429	
  0.042412	  0.242619	  0.686727	  0.028243	
  0.024900	  0.937515	  0.037442	  0.000144	
  0.663426	  0.094736	  0.164835	  0.077003	

MOTIF 7 2-GAGGASGAVGRGGA-STREME-2

letter-probability matrix: alength= 4 w= 14 nsites= 229 E= 1.3e-001
  0.070471	  0.000202	  0.929231	  0.000096	
  0.726293	  0.000202	  0.256850	  0.016654	
  0.008375	  0.207190	  0.660155	  0.124281	
  0.140840	  0.049876	  0.747095	  0.062188	
  0.813221	  0.004342	  0.136805	  0.045632	
  0.186381	  0.277557	  0.527686	  0.008375	
  0.200511	  0.000202	  0.790911	  0.008375	
  0.641784	  0.054016	  0.229594	  0.074607	
  0.211216	  0.285836	  0.391085	  0.111862	
  0.277443	  0.004342	  0.643608	  0.074607	
  0.386844	  0.111975	  0.339645	  0.161536	
  0.128425	  0.149234	  0.676711	  0.045630	
  0.202931	  0.020900	  0.776073	  0.000096	
  0.525878	  0.136809	  0.165782	  0.171532	

