MEME version 5.5.5 (Thu Sep 14 08:48:04 2023 +1000)

ALPHABET= ACGT

strands: + -

Background letter frequencies (from file `meme_chip_maxw_15/EREB18.rep1.top1000.fa/background'):
A 0.24060 C 0.25940 G 0.25940 T 0.24060 

MOTIF 1 GGSCGGCGGSSSSGB-MEME-1

letter-probability matrix: alength= 4 w= 15 nsites= 290 E= 1.0e-187
  0.000000	  0.265517	  0.706897	  0.027586	
  0.000000	  0.055172	  0.944828	  0.000000	
  0.082759	  0.268966	  0.455172	  0.193103	
  0.000000	  0.986207	  0.013793	  0.000000	
  0.000000	  0.000000	  1.000000	  0.000000	
  0.000000	  0.003448	  0.996552	  0.000000	
  0.000000	  0.724138	  0.000000	  0.275862	
  0.000000	  0.258621	  0.696552	  0.044828	
  0.117241	  0.272414	  0.565517	  0.044828	
  0.034483	  0.365517	  0.527586	  0.072414	
  0.000000	  0.396552	  0.465517	  0.137931	
  0.072414	  0.424138	  0.393103	  0.110345	
  0.065517	  0.289655	  0.544828	  0.100000	
  0.072414	  0.268966	  0.589655	  0.068966	
  0.089655	  0.420690	  0.268966	  0.220690	

MOTIF 2 1-GCACCGCCCA-STREME-1

letter-probability matrix: alength= 4 w= 10 nsites= 185 E= 9.5e-002
  0.048579	  0.286225	  0.634452	  0.030744	
  0.000299	  0.981230	  0.000344	  0.018127	
  0.706836	  0.048638	  0.226392	  0.018134	
  0.000299	  0.999058	  0.000344	  0.000299	
  0.044882	  0.909900	  0.000344	  0.044874	
  0.075348	  0.000344	  0.924009	  0.000299	
  0.098385	  0.704410	  0.095095	  0.102110	
  0.009213	  0.963396	  0.027092	  0.000299	
  0.000299	  0.936641	  0.018171	  0.044889	
  0.516756	  0.188317	  0.189134	  0.105793	

MOTIF 3 DARKAAAAGAAARRA-MEME-2

letter-probability matrix: alength= 4 w= 15 nsites= 182 E= 4.2e-056
  0.329670	  0.104396	  0.296703	  0.269231	
  0.972527	  0.000000	  0.027473	  0.000000	
  0.472527	  0.032967	  0.313187	  0.181319	
  0.192308	  0.148352	  0.434066	  0.225275	
  0.824176	  0.000000	  0.142857	  0.032967	
  0.912088	  0.000000	  0.087912	  0.000000	
  0.714286	  0.000000	  0.164835	  0.120879	
  0.670330	  0.000000	  0.329670	  0.000000	
  0.247253	  0.010989	  0.725275	  0.016484	
  0.758242	  0.010989	  0.230769	  0.000000	
  0.824176	  0.000000	  0.159341	  0.016484	
  0.554945	  0.000000	  0.219780	  0.225275	
  0.313187	  0.000000	  0.543956	  0.142857	
  0.456044	  0.060440	  0.461538	  0.021978	
  0.532967	  0.000000	  0.230769	  0.236264	

MOTIF 4 GSYGGCGGYGGCGGY-MEME-3

letter-probability matrix: alength= 4 w= 15 nsites= 58 E= 1.1e-012
  0.000000	  0.017241	  0.982759	  0.000000	
  0.000000	  0.344828	  0.568966	  0.086207	
  0.155172	  0.224138	  0.189655	  0.431034	
  0.000000	  0.120690	  0.879310	  0.000000	
  0.000000	  0.172414	  0.775862	  0.051724	
  0.000000	  0.637931	  0.120690	  0.241379	
  0.051724	  0.000000	  0.810345	  0.137931	
  0.000000	  0.068966	  0.913793	  0.017241	
  0.120690	  0.465517	  0.000000	  0.413793	
  0.068966	  0.051724	  0.879310	  0.000000	
  0.051724	  0.068966	  0.637931	  0.241379	
  0.000000	  0.931034	  0.000000	  0.068966	
  0.120690	  0.000000	  0.862069	  0.017241	
  0.086207	  0.000000	  0.913793	  0.000000	
  0.000000	  0.500000	  0.137931	  0.362069	

MOTIF 5 4-GCCGGCCRGCCGGCC-STREME-4

letter-probability matrix: alength= 4 w= 15 nsites= 41 E= 1.5e+000
  0.000925	  0.001062	  0.997088	  0.000925	
  0.000925	  0.969540	  0.028610	  0.000925	
  0.028473	  0.914445	  0.056157	  0.000925	
  0.138664	  0.001062	  0.721544	  0.138730	
  0.000925	  0.028610	  0.914445	  0.056021	
  0.000925	  0.969540	  0.028610	  0.000925	
  0.000925	  0.831801	  0.166348	  0.000925	
  0.441710	  0.028610	  0.335855	  0.193825	
  0.028473	  0.083705	  0.886897	  0.000925	
  0.000925	  0.831801	  0.138800	  0.028473	
  0.000925	  0.941992	  0.001062	  0.056021	
  0.111116	  0.111253	  0.583806	  0.193825	
  0.248921	  0.111253	  0.528711	  0.111116	
  0.000925	  0.831801	  0.166348	  0.000925	
  0.000925	  0.997088	  0.001062	  0.000925	

MOTIF 6 2-GACGGCGAC-STREME-2

letter-probability matrix: alength= 4 w= 9 nsites= 74 E= 1.9e-001
  0.000636	  0.000730	  0.997999	  0.000636	
  0.654366	  0.000730	  0.247341	  0.097563	
  0.000636	  0.997999	  0.000730	  0.000636	
  0.148884	  0.000730	  0.774022	  0.076364	
  0.167805	  0.132890	  0.698670	  0.000636	
  0.000636	  0.751691	  0.000730	  0.246943	
  0.019568	  0.000730	  0.979067	  0.000636	
  0.997905	  0.000730	  0.000730	  0.000636	
  0.000636	  0.922256	  0.076473	  0.000636	

