MEME version 5.5.5 (Thu Sep 14 08:48:04 2023 +1000)

ALPHABET= ACGT

strands: + -

Background letter frequencies (from file `meme_chip_maxw_15/EREB98.rep1.top1000.fa/background'):
A 0.17810 C 0.32190 G 0.32190 T 0.17810 

MOTIF 1 CGACGRCGACG-MEME-1

letter-probability matrix: alength= 4 w= 11 nsites= 231 E= 5.7e-114
  0.086580	  0.748918	  0.099567	  0.064935	
  0.000000	  0.000000	  1.000000	  0.000000	
  0.870130	  0.000000	  0.108225	  0.021645	
  0.038961	  0.961039	  0.000000	  0.000000	
  0.116883	  0.056277	  0.826840	  0.000000	
  0.406926	  0.090909	  0.489177	  0.012987	
  0.000000	  0.917749	  0.038961	  0.043290	
  0.000000	  0.000000	  1.000000	  0.000000	
  0.796537	  0.000000	  0.203463	  0.000000	
  0.030303	  0.900433	  0.069264	  0.000000	
  0.069264	  0.147186	  0.774892	  0.008658	

MOTIF 2 2-GCCGGCCGCCC-STREME-2

letter-probability matrix: alength= 4 w= 11 nsites= 284 E= 1.6e-002
  0.005921	  0.124088	  0.861671	  0.008319	
  0.000141	  0.982991	  0.013218	  0.003650	
  0.000141	  0.987191	  0.012528	  0.000141	
  0.054432	  0.065685	  0.879742	  0.000141	
  0.036401	  0.061800	  0.864104	  0.037695	
  0.000141	  0.941579	  0.029190	  0.029091	
  0.074404	  0.833775	  0.043961	  0.047860	
  0.030161	  0.117359	  0.801908	  0.050572	
  0.055297	  0.742213	  0.202350	  0.000141	
  0.133858	  0.597945	  0.227249	  0.040947	
  0.031447	  0.659965	  0.244694	  0.063894	

MOTIF 3 GSSCGGCCGGCMGGC-MEME-2

letter-probability matrix: alength= 4 w= 15 nsites= 169 E= 6.0e-045
  0.183432	  0.071006	  0.733728	  0.011834	
  0.106509	  0.390533	  0.479290	  0.023669	
  0.153846	  0.378698	  0.467456	  0.000000	
  0.284024	  0.591716	  0.100592	  0.023669	
  0.076923	  0.230769	  0.674556	  0.017751	
  0.000000	  0.000000	  1.000000	  0.000000	
  0.000000	  0.852071	  0.147929	  0.000000	
  0.301775	  0.633136	  0.065089	  0.000000	
  0.011834	  0.000000	  0.988166	  0.000000	
  0.023669	  0.017751	  0.958580	  0.000000	
  0.000000	  1.000000	  0.000000	  0.000000	
  0.390533	  0.461538	  0.147929	  0.000000	
  0.047337	  0.005917	  0.946746	  0.000000	
  0.011834	  0.195266	  0.775148	  0.017751	
  0.130178	  0.698225	  0.147929	  0.023669	

MOTIF 4 4-GACGRCGACG-STREME-4

letter-probability matrix: alength= 4 w= 10 nsites= 309 E= 1.7e-001
  0.003539	  0.000255	  0.996076	  0.000130	
  0.999361	  0.000255	  0.000255	  0.000130	
  0.181561	  0.686839	  0.062147	  0.069452	
  0.195021	  0.069700	  0.672066	  0.063213	
  0.545222	  0.015876	  0.406770	  0.032132	
  0.010796	  0.798468	  0.185273	  0.005463	
  0.000130	  0.000255	  0.965285	  0.034330	
  0.965751	  0.000255	  0.033865	  0.000130	
  0.109931	  0.649653	  0.231401	  0.009014	
  0.156739	  0.096891	  0.701151	  0.045218	

MOTIF 5 AAABAAAGAAADMAA-MEME-3

letter-probability matrix: alength= 4 w= 15 nsites= 91 E= 2.7e-018
  0.714286	  0.000000	  0.252747	  0.032967	
  0.593407	  0.054945	  0.285714	  0.065934	
  0.549451	  0.164835	  0.241758	  0.043956	
  0.153846	  0.208791	  0.384615	  0.252747	
  0.857143	  0.000000	  0.142857	  0.000000	
  0.626374	  0.043956	  0.219780	  0.109890	
  0.868132	  0.000000	  0.021978	  0.109890	
  0.175824	  0.186813	  0.472527	  0.164835	
  0.835165	  0.021978	  0.010989	  0.131868	
  0.747253	  0.010989	  0.241758	  0.000000	
  0.670330	  0.131868	  0.000000	  0.197802	
  0.384615	  0.109890	  0.230769	  0.274725	
  0.494505	  0.307692	  0.197802	  0.000000	
  0.538462	  0.153846	  0.175824	  0.131868	
  0.824176	  0.000000	  0.021978	  0.153846	

MOTIF 6 1-CAGCCAGCCAG-STREME-1

letter-probability matrix: alength= 4 w= 11 nsites= 139 E= 1.1e-003
  0.000158	  0.873564	  0.113160	  0.013118	
  0.940900	  0.000310	  0.000310	  0.058480	
  0.255589	  0.122331	  0.583037	  0.039043	
  0.000158	  0.675965	  0.323720	  0.000158	
  0.000158	  0.763396	  0.000310	  0.236136	
  0.973303	  0.000310	  0.000310	  0.026078	
  0.268565	  0.084553	  0.566272	  0.080611	
  0.000158	  0.598194	  0.288643	  0.113005	
  0.113005	  0.760709	  0.000310	  0.125976	
  0.776194	  0.145568	  0.000310	  0.077928	
  0.197274	  0.199126	  0.555389	  0.048211	

MOTIF 7 6-CTGCTGCCT-STREME-6

letter-probability matrix: alength= 4 w= 9 nsites= 51 E= 1.3e+000
  0.000493	  0.966825	  0.032190	  0.000493	
  0.061296	  0.049931	  0.014469	  0.874303	
  0.000493	  0.008457	  0.990558	  0.000493	
  0.000493	  0.976872	  0.001891	  0.020744	
  0.068141	  0.037153	  0.071670	  0.823037	
  0.020744	  0.021220	  0.957543	  0.000493	
  0.000493	  0.875088	  0.103675	  0.020744	
  0.081597	  0.874539	  0.034972	  0.008892	
  0.068141	  0.183821	  0.021713	  0.726326	

