MEME version 5.5.5 (Thu Sep 14 08:48:04 2023 +1000)

ALPHABET= ACGT

strands: + -

Background letter frequencies (from file `meme_chip_maxw_15/EREB34.rep1.top1000.fa/background'):
A 0.18810 C 0.31190 G 0.31190 T 0.18810 

MOTIF 1 1-YGGRCGGC-STREME-1

letter-probability matrix: alength= 4 w= 8 nsites= 464 E= 2.1e-002
  0.032396	  0.595984	  0.016908	  0.354711	
  0.000277	  0.000503	  0.998943	  0.000277	
  0.000277	  0.058772	  0.940674	  0.000277	
  0.263706	  0.168056	  0.478126	  0.090112	
  0.000277	  0.998943	  0.000503	  0.000277	
  0.000277	  0.000503	  0.998943	  0.000277	
  0.000277	  0.000503	  0.998943	  0.000277	
  0.000277	  0.826974	  0.084015	  0.088734	

MOTIF 2 SCSGCCGSCCR-MEME-1

letter-probability matrix: alength= 4 w= 11 nsites= 240 E= 1.5e-075
  0.000000	  0.516667	  0.483333	  0.000000	
  0.000000	  0.695833	  0.304167	  0.000000	
  0.062500	  0.395833	  0.429167	  0.112500	
  0.000000	  0.233333	  0.766667	  0.000000	
  0.000000	  1.000000	  0.000000	  0.000000	
  0.000000	  1.000000	  0.000000	  0.000000	
  0.000000	  0.004167	  0.995833	  0.000000	
  0.000000	  0.404167	  0.545833	  0.050000	
  0.000000	  1.000000	  0.000000	  0.000000	
  0.000000	  1.000000	  0.000000	  0.000000	
  0.308333	  0.100000	  0.591667	  0.000000	

MOTIF 3 RCGRCGRCGRCGRCG-MEME-2

letter-probability matrix: alength= 4 w= 15 nsites= 68 E= 4.0e-041
  0.426471	  0.191176	  0.367647	  0.014706	
  0.058824	  0.823529	  0.073529	  0.044118	
  0.000000	  0.000000	  0.838235	  0.161765	
  0.352941	  0.000000	  0.647059	  0.000000	
  0.073529	  0.867647	  0.014706	  0.044118	
  0.000000	  0.000000	  0.941176	  0.058824	
  0.455882	  0.000000	  0.544118	  0.000000	
  0.014706	  0.985294	  0.000000	  0.000000	
  0.014706	  0.014706	  0.852941	  0.117647	
  0.323529	  0.000000	  0.647059	  0.029412	
  0.029412	  0.970588	  0.000000	  0.000000	
  0.000000	  0.000000	  1.000000	  0.000000	
  0.544118	  0.073529	  0.382353	  0.000000	
  0.000000	  0.970588	  0.029412	  0.000000	
  0.058824	  0.176471	  0.720588	  0.044118	

MOTIF 4 GCAKGCABGCA-MEME-3

letter-probability matrix: alength= 4 w= 11 nsites= 70 E= 6.7e-020
  0.000000	  0.157143	  0.842857	  0.000000	
  0.000000	  1.000000	  0.000000	  0.000000	
  1.000000	  0.000000	  0.000000	  0.000000	
  0.000000	  0.157143	  0.414286	  0.428571	
  0.000000	  0.000000	  1.000000	  0.000000	
  0.000000	  1.000000	  0.000000	  0.000000	
  1.000000	  0.000000	  0.000000	  0.000000	
  0.000000	  0.271429	  0.457143	  0.271429	
  0.000000	  0.128571	  0.857143	  0.014286	
  0.028571	  0.771429	  0.100000	  0.100000	
  0.685714	  0.000000	  0.271429	  0.042857	

MOTIF 5 2-GGCAGGCAGGCACA-STREME-2

letter-probability matrix: alength= 4 w= 14 nsites= 20 E= 9.9e-001
  0.050899	  0.101561	  0.796640	  0.050899	
  0.001272	  0.002308	  0.995148	  0.001272	
  0.001272	  0.945521	  0.051935	  0.001272	
  0.944486	  0.002308	  0.051935	  0.001272	
  0.050899	  0.002308	  0.945521	  0.001272	
  0.001272	  0.051935	  0.895894	  0.050899	
  0.001272	  0.895894	  0.051935	  0.050899	
  0.944486	  0.002308	  0.002308	  0.050899	
  0.100526	  0.002308	  0.895894	  0.001272	
  0.001272	  0.151188	  0.747013	  0.100526	
  0.050899	  0.846267	  0.051935	  0.050899	
  0.845232	  0.101561	  0.002308	  0.050899	
  0.050899	  0.597831	  0.250744	  0.100526	
  0.596795	  0.151188	  0.250744	  0.001272	

