MEME version 5.5.5 (Thu Sep 14 08:48:04 2023 +1000)

ALPHABET= ACGT

strands: + -

Background letter frequencies (from file `meme_chip_maxw_15/EREB97.rep1.top1000.fa/background'):
A 0.14680 C 0.35320 G 0.35320 T 0.14680 

MOTIF 1 CGCCGCCGCCGCCGC-MEME-1

letter-probability matrix: alength= 4 w= 15 nsites= 745 E= 1.2e-994
  0.061745	  0.777181	  0.052349	  0.108725	
  0.061745	  0.069799	  0.801342	  0.067114	
  0.036242	  0.867114	  0.046980	  0.049664	
  0.036242	  0.922148	  0.018792	  0.022819	
  0.080537	  0.029530	  0.859060	  0.030872	
  0.000000	  0.861745	  0.095302	  0.042953	
  0.000000	  0.986577	  0.000000	  0.013423	
  0.026846	  0.002685	  0.942282	  0.028188	
  0.014765	  0.910067	  0.000000	  0.075168	
  0.020134	  0.953020	  0.013423	  0.013423	
  0.064430	  0.000000	  0.880537	  0.055034	
  0.025503	  0.795973	  0.068456	  0.110067	
  0.056376	  0.924832	  0.004027	  0.014765	
  0.146309	  0.048322	  0.722148	  0.083221	
  0.089933	  0.618792	  0.091275	  0.200000	

MOTIF 2 1-CGCCGCCGCCGCCG-STREME-1

letter-probability matrix: alength= 4 w= 14 nsites= 472 E= 2.4e-008
  0.067475	  0.869611	  0.000134	  0.062780	
  0.031530	  0.048313	  0.920105	  0.000052	
  0.000052	  0.966625	  0.024448	  0.008875	
  0.000052	  0.993517	  0.000134	  0.006298	
  0.040455	  0.021061	  0.938432	  0.000052	
  0.000052	  0.964174	  0.000134	  0.035640	
  0.007785	  0.990472	  0.000134	  0.001610	
  0.027029	  0.000134	  0.949567	  0.023270	
  0.024315	  0.924231	  0.000134	  0.051320	
  0.009224	  0.957053	  0.013037	  0.020686	
  0.082892	  0.011512	  0.849754	  0.055842	
  0.010369	  0.862983	  0.032074	  0.094574	
  0.069652	  0.926313	  0.003982	  0.000052	
  0.102687	  0.030372	  0.833962	  0.032979	

MOTIF 3 9-CCGCCGCCGTAY-STREME-9

letter-probability matrix: alength= 4 w= 12 nsites= 35 E= 8.7e+000
  0.000643	  0.997072	  0.001643	  0.000643	
  0.000643	  0.825487	  0.001643	  0.172228	
  0.000643	  0.001643	  0.997072	  0.000643	
  0.000643	  0.997072	  0.001643	  0.000643	
  0.000643	  0.933714	  0.065001	  0.000643	
  0.064001	  0.001643	  0.933714	  0.000643	
  0.000643	  0.997072	  0.001643	  0.000643	
  0.127359	  0.838677	  0.033322	  0.000643	
  0.032322	  0.065001	  0.838677	  0.064001	
  0.095680	  0.001643	  0.173202	  0.729475	
  0.805986	  0.128359	  0.001643	  0.064013	
  0.159063	  0.381956	  0.096705	  0.362276	

MOTIF 4 GASGASGA-MEME-2

letter-probability matrix: alength= 4 w= 8 nsites= 271 E= 3.7e-082
  0.000000	  0.000000	  1.000000	  0.000000	
  1.000000	  0.000000	  0.000000	  0.000000	
  0.121771	  0.428044	  0.394834	  0.055351	
  0.129151	  0.000000	  0.870849	  0.000000	
  1.000000	  0.000000	  0.000000	  0.000000	
  0.084871	  0.350554	  0.479705	  0.084871	
  0.114391	  0.000000	  0.833948	  0.051661	
  1.000000	  0.000000	  0.000000	  0.000000	

MOTIF 5 2-ATGGCGGCGSH-STREME-2

letter-probability matrix: alength= 4 w= 11 nsites= 239 E= 1.7e-003
  0.770598	  0.015053	  0.127003	  0.087346	
  0.084102	  0.141655	  0.171032	  0.603211	
  0.005031	  0.015053	  0.979816	  0.000100	
  0.258650	  0.000256	  0.567805	  0.173289	
  0.002566	  0.937905	  0.024912	  0.034618	
  0.000100	  0.000256	  0.999544	  0.000100	
  0.019825	  0.000256	  0.945301	  0.034618	
  0.005031	  0.882029	  0.102978	  0.009962	
  0.019825	  0.000256	  0.979820	  0.000100	
  0.007077	  0.453850	  0.351246	  0.187827	
  0.245419	  0.423205	  0.051202	  0.280174	

MOTIF 6 CASCASCASCA-MEME-3

letter-probability matrix: alength= 4 w= 11 nsites= 160 E= 1.4e-058
  0.025000	  0.900000	  0.050000	  0.025000	
  0.681250	  0.056250	  0.137500	  0.125000	
  0.112500	  0.456250	  0.431250	  0.000000	
  0.018750	  0.912500	  0.000000	  0.068750	
  0.887500	  0.000000	  0.000000	  0.112500	
  0.168750	  0.331250	  0.500000	  0.000000	
  0.018750	  0.912500	  0.000000	  0.068750	
  0.956250	  0.000000	  0.000000	  0.043750	
  0.050000	  0.412500	  0.518750	  0.018750	
  0.012500	  0.943750	  0.000000	  0.043750	
  0.931250	  0.025000	  0.000000	  0.043750	

MOTIF 7 3-CTCCTCCTSCTSCT-STREME-3

letter-probability matrix: alength= 4 w= 14 nsites= 394 E= 6.4e-003
  0.047351	  0.689693	  0.186701	  0.076256	
  0.000053	  0.000136	  0.000136	  0.999674	
  0.044721	  0.516276	  0.249766	  0.189237	
  0.000053	  0.721231	  0.231367	  0.047349	
  0.000053	  0.029039	  0.000136	  0.970771	
  0.052604	  0.592472	  0.283925	  0.070999	
  0.049978	  0.660794	  0.257640	  0.031588	
  0.161426	  0.031668	  0.002764	  0.804143	
  0.085224	  0.515189	  0.291804	  0.107784	
  0.000053	  0.621382	  0.257639	  0.120926	
  0.158798	  0.107865	  0.118383	  0.614955	
  0.105155	  0.490000	  0.294436	  0.110409	
  0.047349	  0.594014	  0.256104	  0.102533	
  0.186609	  0.145749	  0.089479	  0.578162	

