MEME version 5.5.5 (Thu Sep 14 08:48:04 2023 +1000)

ALPHABET= ACGT

strands: + -

Background letter frequencies (from file `meme_chip_maxw_15/EREB209.rep2.top1000.fa/background'):
A 0.16030 C 0.33970 G 0.33970 T 0.16030 

MOTIF 1 CCGCCGCCGCCGCCG-MEME-1

letter-probability matrix: alength= 4 w= 15 nsites= 624 E= 9.7e-498
  0.088141	  0.548077	  0.165064	  0.198718	
  0.059295	  0.764423	  0.097756	  0.078526	
  0.081731	  0.104167	  0.722756	  0.091346	
  0.057692	  0.687500	  0.126603	  0.128205	
  0.000000	  0.935897	  0.000000	  0.064103	
  0.049679	  0.014423	  0.899038	  0.036859	
  0.004808	  0.858974	  0.000000	  0.136218	
  0.024038	  0.975962	  0.000000	  0.000000	
  0.072115	  0.000000	  0.891026	  0.036859	
  0.000000	  0.790064	  0.105769	  0.104167	
  0.016026	  0.916667	  0.008013	  0.059295	
  0.142628	  0.025641	  0.783654	  0.048077	
  0.049679	  0.732372	  0.049679	  0.168269	
  0.084936	  0.850962	  0.000000	  0.064103	
  0.107372	  0.081731	  0.706731	  0.104167	

MOTIF 2 1-CGCCGCCGCCGY-STREME-1

letter-probability matrix: alength= 4 w= 12 nsites= 508 E= 3.0e-004
  0.000061	  0.923404	  0.000139	  0.076396	
  0.005621	  0.020308	  0.941677	  0.032394	
  0.020679	  0.834412	  0.000139	  0.144770	
  0.000061	  0.999738	  0.000139	  0.000061	
  0.000061	  0.008479	  0.991399	  0.000061	
  0.022007	  0.731500	  0.023461	  0.223031	
  0.012737	  0.951034	  0.000139	  0.036090	
  0.133349	  0.000139	  0.866450	  0.000061	
  0.000061	  0.781320	  0.013348	  0.205270	
  0.046356	  0.903086	  0.000139	  0.050419	
  0.065343	  0.071685	  0.788140	  0.074832	
  0.138973	  0.473633	  0.148974	  0.238421	

MOTIF 3 2-CGSCGSCG-STREME-2

letter-probability matrix: alength= 4 w= 8 nsites= 223 E= 4.1e-002
  0.013836	  0.940709	  0.031618	  0.013836	
  0.013836	  0.031618	  0.940709	  0.013836	
  0.013836	  0.486164	  0.486164	  0.013836	
  0.013836	  0.940709	  0.031618	  0.013836	
  0.013836	  0.031618	  0.940709	  0.013836	
  0.013836	  0.486164	  0.486164	  0.013836	
  0.013836	  0.940709	  0.031618	  0.013836	
  0.013836	  0.031618	  0.940709	  0.013836	

MOTIF 4 CTGCTGCTGST-MEME-2

letter-probability matrix: alength= 4 w= 11 nsites= 93 E= 1.4e-024
  0.000000	  0.924731	  0.075269	  0.000000	
  0.000000	  0.021505	  0.000000	  0.978495	
  0.182796	  0.000000	  0.666667	  0.150538	
  0.000000	  0.666667	  0.311828	  0.021505	
  0.000000	  0.000000	  0.000000	  1.000000	
  0.247312	  0.000000	  0.731183	  0.021505	
  0.000000	  0.860215	  0.139785	  0.000000	
  0.021505	  0.000000	  0.000000	  0.978495	
  0.225806	  0.000000	  0.752688	  0.021505	
  0.010753	  0.569892	  0.311828	  0.107527	
  0.107527	  0.225806	  0.000000	  0.666667	

MOTIF 5 8-ACGGCGAC-STREME-8

letter-probability matrix: alength= 4 w= 8 nsites= 273 E= 3.4e-001
  0.882270	  0.052841	  0.019389	  0.045500	
  0.018760	  0.914055	  0.046617	  0.020568	
  0.064875	  0.058157	  0.809070	  0.067897	
  0.039526	  0.049553	  0.887556	  0.023365	
  0.015285	  0.649385	  0.296814	  0.038516	
  0.037883	  0.038635	  0.749784	  0.173699	
  0.831852	  0.048924	  0.116744	  0.002481	
  0.041227	  0.920501	  0.031928	  0.006344	

MOTIF 6 THTTCTTYTTTWTHT-MEME-3

letter-probability matrix: alength= 4 w= 15 nsites= 43 E= 4.8e-015
  0.139535	  0.232558	  0.000000	  0.627907	
  0.255814	  0.488372	  0.000000	  0.255814	
  0.186047	  0.000000	  0.139535	  0.674419	
  0.186047	  0.139535	  0.069767	  0.604651	
  0.046512	  0.651163	  0.023256	  0.279070	
  0.069767	  0.139535	  0.139535	  0.651163	
  0.069767	  0.023256	  0.000000	  0.906977	
  0.116279	  0.348837	  0.000000	  0.534884	
  0.255814	  0.093023	  0.000000	  0.651163	
  0.209302	  0.162791	  0.093023	  0.534884	
  0.069767	  0.186047	  0.000000	  0.744186	
  0.372093	  0.069767	  0.000000	  0.558140	
  0.000000	  0.232558	  0.046512	  0.720930	
  0.418605	  0.348837	  0.000000	  0.232558	
  0.093023	  0.000000	  0.000000	  0.906977	

