MEME version 5.5.5 (Thu Sep 14 08:48:04 2023 +1000)

ALPHABET= ACGT

strands: + -

Background letter frequencies (from file `meme_chip_maxw_15/EREB97.rep2.top1000.fa/background'):
A 0.14420 C 0.35580 G 0.35580 T 0.14420 

MOTIF 1 GCCGCCGCCGCCGCC-MEME-1

letter-probability matrix: alength= 4 w= 15 nsites= 750 E= 6.5e-905
  0.097333	  0.097333	  0.704000	  0.101333	
  0.080000	  0.745333	  0.089333	  0.085333	
  0.020000	  0.917333	  0.013333	  0.049333	
  0.090667	  0.053333	  0.813333	  0.042667	
  0.002667	  0.797333	  0.126667	  0.073333	
  0.024000	  0.952000	  0.004000	  0.020000	
  0.058667	  0.008000	  0.920000	  0.013333	
  0.016000	  0.920000	  0.006667	  0.057333	
  0.000000	  1.000000	  0.000000	  0.000000	
  0.045333	  0.000000	  0.896000	  0.058667	
  0.017333	  0.842667	  0.045333	  0.094667	
  0.048000	  0.934667	  0.005333	  0.012000	
  0.114667	  0.002667	  0.834667	  0.048000	
  0.081333	  0.702667	  0.053333	  0.162667	
  0.112000	  0.722667	  0.080000	  0.085333	

MOTIF 2 1-CGGCGGCGGCGGCGR-STREME-1

letter-probability matrix: alength= 4 w= 15 nsites= 568 E= 4.4e-011
  0.039859	  0.857852	  0.051147	  0.051143	
  0.014518	  0.050795	  0.890580	  0.044107	
  0.041366	  0.046109	  0.887143	  0.025381	
  0.032622	  0.872724	  0.043538	  0.051116	
  0.023580	  0.020757	  0.928470	  0.027193	
  0.036239	  0.045356	  0.893027	  0.025378	
  0.031319	  0.900820	  0.029056	  0.038806	
  0.009089	  0.029058	  0.956387	  0.005467	
  0.033299	  0.058032	  0.883292	  0.025377	
  0.022510	  0.910377	  0.039921	  0.027192	
  0.041676	  0.028260	  0.906490	  0.023574	
  0.027197	  0.072521	  0.851365	  0.048917	
  0.034434	  0.843324	  0.068905	  0.053336	
  0.049985	  0.074349	  0.821821	  0.053844	
  0.512206	  0.126521	  0.301866	  0.059408	

MOTIF 3 STGSTGSTGSTGSTG-MEME-2

letter-probability matrix: alength= 4 w= 15 nsites= 157 E= 2.7e-107
  0.095541	  0.414013	  0.433121	  0.057325	
  0.127389	  0.000000	  0.000000	  0.872611	
  0.038217	  0.089172	  0.847134	  0.025478	
  0.070064	  0.554140	  0.375796	  0.000000	
  0.057325	  0.070064	  0.063694	  0.808917	
  0.000000	  0.000000	  1.000000	  0.000000	
  0.057325	  0.426752	  0.471338	  0.044586	
  0.191083	  0.057325	  0.000000	  0.751592	
  0.038217	  0.050955	  0.904459	  0.006369	
  0.019108	  0.643312	  0.337580	  0.000000	
  0.210191	  0.044586	  0.038217	  0.707006	
  0.019108	  0.038217	  0.891720	  0.050955	
  0.089172	  0.356688	  0.528662	  0.025478	
  0.229299	  0.044586	  0.050955	  0.675159	
  0.000000	  0.063694	  0.898089	  0.038217	

MOTIF 4 SGAGGASGAGGAGGA-MEME-3

letter-probability matrix: alength= 4 w= 15 nsites= 107 E= 7.1e-093
  0.018692	  0.373832	  0.542056	  0.065421	
  0.093458	  0.112150	  0.794393	  0.000000	
  0.738318	  0.000000	  0.186916	  0.074766	
  0.121495	  0.242991	  0.598131	  0.037383	
  0.074766	  0.000000	  0.925234	  0.000000	
  0.878505	  0.046729	  0.074766	  0.000000	
  0.186916	  0.271028	  0.542056	  0.000000	
  0.046729	  0.000000	  0.915888	  0.037383	
  0.990654	  0.000000	  0.009346	  0.000000	
  0.149533	  0.271028	  0.579439	  0.000000	
  0.158879	  0.130841	  0.710280	  0.000000	
  0.906542	  0.000000	  0.093458	  0.000000	
  0.065421	  0.280374	  0.654206	  0.000000	
  0.074766	  0.000000	  0.906542	  0.018692	
  0.841121	  0.037383	  0.093458	  0.028037	

MOTIF 5 3-CGGCGCCGTC-STREME-3

letter-probability matrix: alength= 4 w= 10 nsites= 466 E= 5.4e-002
  0.000121	  0.940616	  0.059143	  0.000121	
  0.131519	  0.213102	  0.587123	  0.068256	
  0.032323	  0.195737	  0.551039	  0.220900	
  0.000121	  0.961066	  0.006319	  0.032494	
  0.040413	  0.000313	  0.959154	  0.000121	
  0.016664	  0.828078	  0.021654	  0.133604	
  0.056165	  0.939527	  0.004187	  0.000121	
  0.142535	  0.001814	  0.855530	  0.000121	
  0.000121	  0.158146	  0.000313	  0.841421	
  0.000121	  0.644578	  0.234064	  0.121238	

MOTIF 6 9-CGGCGGCTACCT-STREME-9

letter-probability matrix: alength= 4 w= 12 nsites= 52 E= 8.7e+000
  0.000422	  0.934988	  0.043143	  0.021447	
  0.000422	  0.022119	  0.934988	  0.042471	
  0.042471	  0.001094	  0.913964	  0.042471	
  0.000422	  0.956012	  0.043143	  0.000422	
  0.021447	  0.022119	  0.934988	  0.021447	
  0.021447	  0.127257	  0.850874	  0.000422	
  0.000422	  0.737048	  0.241083	  0.021447	
  0.000422	  0.253454	  0.043143	  0.702980	
  0.736359	  0.072888	  0.064184	  0.126568	
  0.042471	  0.808842	  0.064168	  0.084520	
  0.021447	  0.724744	  0.106216	  0.147593	
  0.210683	  0.211372	  0.106267	  0.471679	

MOTIF 7 2-AGCAGSAGSAGSA-STREME-2

letter-probability matrix: alength= 4 w= 13 nsites= 348 E= 1.5e-004
  0.996258	  0.000173	  0.000173	  0.003395	
  0.073293	  0.207955	  0.668758	  0.049994	
  0.103252	  0.568891	  0.264547	  0.063310	
  0.851745	  0.000173	  0.063415	  0.084667	
  0.036682	  0.173282	  0.789969	  0.000067	
  0.013381	  0.575540	  0.384385	  0.026694	
  0.833161	  0.003502	  0.066742	  0.096595	
  0.069968	  0.226528	  0.673481	  0.030023	
  0.094647	  0.538937	  0.346379	  0.020038	
  0.748564	  0.074781	  0.050101	  0.126553	
  0.053327	  0.243176	  0.680131	  0.023366	
  0.126553	  0.339206	  0.417676	  0.116565	
  0.683934	  0.083391	  0.104744	  0.127931	

