MEME version 5.5.5 (Thu Sep 14 08:48:04 2023 +1000)

ALPHABET= ACGT

strands: + -

Background letter frequencies (from file `meme_chip_maxw_15/EREB17.rep2.top1000.fa/background'):
A 0.17100 C 0.32900 G 0.32900 T 0.17100 

MOTIF 1 GGCGGCGGCGGCGGC-MEME-1

letter-probability matrix: alength= 4 w= 15 nsites= 144 E= 7.4e-101
  0.062500	  0.062500	  0.798611	  0.076389	
  0.076389	  0.000000	  0.847222	  0.076389	
  0.000000	  0.909722	  0.000000	  0.090278	
  0.243056	  0.000000	  0.750000	  0.006944	
  0.069444	  0.194444	  0.736111	  0.000000	
  0.000000	  0.784722	  0.034722	  0.180556	
  0.000000	  0.000000	  0.951389	  0.048611	
  0.000000	  0.048611	  0.951389	  0.000000	
  0.013889	  0.861111	  0.090278	  0.034722	
  0.166667	  0.006944	  0.826389	  0.000000	
  0.111111	  0.187500	  0.701389	  0.000000	
  0.000000	  0.833333	  0.000000	  0.166667	
  0.104167	  0.000000	  0.895833	  0.000000	
  0.000000	  0.027778	  0.972222	  0.000000	
  0.027778	  0.784722	  0.131944	  0.055556	

MOTIF 2 4-CGCCGCCGCCGCCGC-STREME-4

letter-probability matrix: alength= 4 w= 15 nsites= 73 E= 2.3e-001
  0.025700	  0.891854	  0.031304	  0.051143	
  0.030968	  0.038722	  0.930013	  0.000298	
  0.012999	  0.897163	  0.076840	  0.012999	
  0.025700	  0.922580	  0.000619	  0.051102	
  0.000298	  0.026021	  0.922580	  0.051102	
  0.038401	  0.935281	  0.013320	  0.012999	
  0.025700	  0.922580	  0.038722	  0.012999	
  0.051112	  0.064124	  0.859065	  0.025700	
  0.051102	  0.833663	  0.064134	  0.051102	
  0.012999	  0.833658	  0.102242	  0.051102	
  0.076519	  0.076825	  0.808256	  0.038401	
  0.051102	  0.866508	  0.056691	  0.025700	
  0.089210	  0.719338	  0.102237	  0.089215	
  0.025700	  0.026021	  0.922580	  0.025700	
  0.056370	  0.891910	  0.038722	  0.012999	

MOTIF 3 WAAWAWAAKAGRAWT-MEME-2

letter-probability matrix: alength= 4 w= 15 nsites= 77 E= 6.1e-036
  0.428571	  0.000000	  0.000000	  0.571429	
  0.753247	  0.012987	  0.129870	  0.103896	
  0.506494	  0.194805	  0.155844	  0.142857	
  0.324675	  0.194805	  0.000000	  0.480519	
  0.584416	  0.129870	  0.064935	  0.220779	
  0.454545	  0.090909	  0.194805	  0.259740	
  0.753247	  0.000000	  0.000000	  0.246753	
  0.714286	  0.064935	  0.129870	  0.090909	
  0.194805	  0.025974	  0.272727	  0.506494	
  0.896104	  0.012987	  0.000000	  0.090909	
  0.181818	  0.077922	  0.636364	  0.103896	
  0.545455	  0.000000	  0.285714	  0.168831	
  0.727273	  0.000000	  0.051948	  0.220779	
  0.558442	  0.155844	  0.000000	  0.285714	
  0.272727	  0.012987	  0.077922	  0.636364	

MOTIF 4 1-CACCGCCC-STREME-1

letter-probability matrix: alength= 4 w= 8 nsites= 331 E= 4.7e-002
  0.034175	  0.948299	  0.000556	  0.016970	
  0.856440	  0.034757	  0.108535	  0.000268	
  0.000268	  0.998908	  0.000556	  0.000268	
  0.048002	  0.898899	  0.000556	  0.052542	
  0.017035	  0.009163	  0.962048	  0.011754	
  0.075041	  0.791128	  0.000556	  0.133274	
  0.158506	  0.827912	  0.000556	  0.013025	
  0.072474	  0.836537	  0.000556	  0.090433	

MOTIF 5 5-CCKGCCGGCCGGCC-STREME-5

letter-probability matrix: alength= 4 w= 14 nsites= 52 E= 4.2e-001
  0.085956	  0.763015	  0.150528	  0.000500	
  0.000500	  0.997959	  0.001040	  0.000500	
  0.000500	  0.171884	  0.284251	  0.543364	
  0.085957	  0.001040	  0.912503	  0.000500	
  0.043211	  0.955248	  0.001040	  0.000500	
  0.000500	  0.976604	  0.001040	  0.021856	
  0.000500	  0.022396	  0.741591	  0.235513	
  0.000500	  0.001040	  0.976604	  0.021856	
  0.000500	  0.912520	  0.065124	  0.021856	
  0.021856	  0.869826	  0.086462	  0.021856	
  0.085931	  0.107817	  0.613449	  0.192802	
  0.000500	  0.031253	  0.967746	  0.000500	
  0.000500	  0.891165	  0.043751	  0.064584	
  0.021856	  0.818241	  0.159403	  0.000500	

MOTIF 6 AGCAGYAGCAGCAGC-MEME-3

letter-probability matrix: alength= 4 w= 15 nsites= 36 E= 2.6e-007
  0.861111	  0.000000	  0.055556	  0.083333	
  0.083333	  0.055556	  0.805556	  0.055556	
  0.055556	  0.527778	  0.194444	  0.222222	
  0.805556	  0.055556	  0.000000	  0.138889	
  0.138889	  0.000000	  0.861111	  0.000000	
  0.055556	  0.472222	  0.222222	  0.250000	
  1.000000	  0.000000	  0.000000	  0.000000	
  0.166667	  0.000000	  0.777778	  0.055556	
  0.000000	  0.888889	  0.111111	  0.000000	
  0.861111	  0.027778	  0.055556	  0.055556	
  0.000000	  0.000000	  1.000000	  0.000000	
  0.194444	  0.611111	  0.138889	  0.055556	
  0.861111	  0.000000	  0.000000	  0.138889	
  0.000000	  0.111111	  0.861111	  0.027778	
  0.027778	  0.666667	  0.305556	  0.000000	

