MEME version 5.5.5 (Thu Sep 14 08:48:04 2023 +1000)

ALPHABET= ACGT

strands: + -

Background letter frequencies (from file `meme_chip_maxw_15/EREB71.rep1.top1000.fa/background'):
A 0.19850 C 0.30150 G 0.30150 T 0.19850 

MOTIF 1 SSSSSCCGCCGSCCV-MEME-1

letter-probability matrix: alength= 4 w= 15 nsites= 717 E= 1.0e-176
  0.100418	  0.475593	  0.305439	  0.118550	
  0.136681	  0.336123	  0.419805	  0.107392	
  0.094840	  0.496513	  0.306834	  0.101813	
  0.089261	  0.511855	  0.323570	  0.075314	
  0.140865	  0.301255	  0.454672	  0.103208	
  0.050209	  0.563459	  0.239888	  0.146444	
  0.061367	  0.790795	  0.094840	  0.052999	
  0.329149	  0.008368	  0.662483	  0.000000	
  0.000000	  1.000000	  0.000000	  0.000000	
  0.000000	  0.993026	  0.000000	  0.006974	
  0.015342	  0.008368	  0.924686	  0.051604	
  0.139470	  0.440725	  0.239888	  0.179916	
  0.004184	  0.994421	  0.001395	  0.000000	
  0.129707	  0.741980	  0.125523	  0.002789	
  0.278940	  0.280335	  0.333333	  0.107392	

MOTIF 2 1-SCCRCCGCCC-STREME-1

letter-probability matrix: alength= 4 w= 10 nsites= 393 E= 5.8e-002
  0.124134	  0.443825	  0.294657	  0.137384	
  0.057482	  0.509100	  0.205031	  0.228388	
  0.056217	  0.936947	  0.000191	  0.006645	
  0.334311	  0.039573	  0.626000	  0.000116	
  0.000116	  0.999577	  0.000191	  0.000116	
  0.000116	  0.999577	  0.000191	  0.000116	
  0.000116	  0.004084	  0.963980	  0.031820	
  0.211524	  0.569112	  0.022391	  0.196972	
  0.000116	  0.999577	  0.000191	  0.000116	
  0.143032	  0.854260	  0.000191	  0.002517	

MOTIF 3 5-GCGGCGGCRVC-STREME-5

letter-probability matrix: alength= 4 w= 11 nsites= 66 E= 7.4e-001
  0.000479	  0.000789	  0.998252	  0.000479	
  0.141173	  0.857559	  0.000789	  0.000479	
  0.000479	  0.000789	  0.998252	  0.000479	
  0.106119	  0.000789	  0.892612	  0.000479	
  0.000479	  0.998252	  0.000789	  0.000479	
  0.000479	  0.000789	  0.998252	  0.000479	
  0.000479	  0.000789	  0.980669	  0.018062	
  0.000479	  0.998252	  0.000789	  0.000479	
  0.422771	  0.000789	  0.488017	  0.088423	
  0.440425	  0.247208	  0.311888	  0.000479	
  0.070854	  0.804711	  0.123956	  0.000479	

MOTIF 4 AAARAAARARAAMWA-MEME-2

letter-probability matrix: alength= 4 w= 15 nsites= 145 E= 8.0e-081
  0.737931	  0.000000	  0.041379	  0.220690	
  0.820690	  0.000000	  0.000000	  0.179310	
  0.675862	  0.041379	  0.117241	  0.165517	
  0.337931	  0.124138	  0.400000	  0.137931	
  0.703448	  0.062069	  0.158621	  0.075862	
  0.924138	  0.000000	  0.068966	  0.006897	
  0.613793	  0.075862	  0.055172	  0.255172	
  0.489655	  0.020690	  0.282759	  0.206897	
  0.710345	  0.027586	  0.186207	  0.075862	
  0.482759	  0.006897	  0.468966	  0.041379	
  0.675862	  0.000000	  0.041379	  0.282759	
  0.662069	  0.006897	  0.213793	  0.117241	
  0.551724	  0.310345	  0.137931	  0.000000	
  0.393103	  0.013793	  0.110345	  0.482759	
  0.668966	  0.013793	  0.089655	  0.227586	

MOTIF 5 4-CCGGCCGGCSSCS-STREME-4

letter-probability matrix: alength= 4 w= 13 nsites= 184 E= 2.6e-001
  0.000167	  0.792378	  0.195050	  0.012405	
  0.000167	  0.755652	  0.000275	  0.243907	
  0.000167	  0.000275	  0.764321	  0.235238	
  0.196042	  0.012513	  0.779041	  0.012405	
  0.000167	  0.999392	  0.000275	  0.000167	
  0.000167	  0.999392	  0.000275	  0.000167	
  0.018524	  0.000275	  0.803578	  0.177623	
  0.122599	  0.000275	  0.870841	  0.006286	
  0.000167	  0.877004	  0.024751	  0.098078	
  0.000167	  0.547556	  0.348085	  0.104193	
  0.137336	  0.290446	  0.553694	  0.018524	
  0.220520	  0.559708	  0.189007	  0.030764	
  0.018526	  0.531771	  0.278198	  0.171504	

MOTIF 6 MTAMWWMTAMWAAWW-MEME-3

letter-probability matrix: alength= 4 w= 15 nsites= 31 E= 2.1e-004
  0.612903	  0.387097	  0.000000	  0.000000	
  0.000000	  0.064516	  0.000000	  0.935484	
  0.903226	  0.096774	  0.000000	  0.000000	
  0.387097	  0.451613	  0.000000	  0.161290	
  0.258065	  0.096774	  0.193548	  0.451613	
  0.387097	  0.000000	  0.000000	  0.612903	
  0.516129	  0.483871	  0.000000	  0.000000	
  0.129032	  0.000000	  0.000000	  0.870968	
  0.709677	  0.161290	  0.129032	  0.000000	
  0.451613	  0.483871	  0.064516	  0.000000	
  0.419355	  0.000000	  0.161290	  0.419355	
  0.870968	  0.000000	  0.000000	  0.129032	
  0.709677	  0.225806	  0.000000	  0.064516	
  0.387097	  0.000000	  0.000000	  0.612903	
  0.451613	  0.096774	  0.000000	  0.451613	

