MEME version 5.5.5 (Thu Sep 14 08:48:04 2023 +1000)

ALPHABET= ACGT

strands: + -

Background letter frequencies (from file `meme_chip_maxw_15/EREB98.rep2.top1000.fa/background'):
A 0.17940 C 0.32060 G 0.32060 T 0.17940 

MOTIF 1 CGACGRCGACG-MEME-1

letter-probability matrix: alength= 4 w= 11 nsites= 241 E= 7.0e-092
  0.066390	  0.775934	  0.062241	  0.095436	
  0.000000	  0.000000	  1.000000	  0.000000	
  0.825726	  0.000000	  0.174274	  0.000000	
  0.099585	  0.875519	  0.024896	  0.000000	
  0.240664	  0.062241	  0.697095	  0.000000	
  0.315353	  0.087137	  0.576763	  0.020747	
  0.008299	  0.896266	  0.058091	  0.037344	
  0.000000	  0.000000	  1.000000	  0.000000	
  0.788382	  0.000000	  0.211618	  0.000000	
  0.004149	  0.958506	  0.008299	  0.029046	
  0.112033	  0.149378	  0.738589	  0.000000	

MOTIF 2 8-CGCGGCGGCKS-STREME-8

letter-probability matrix: alength= 4 w= 11 nsites= 55 E= 7.0e+000
  0.000570	  0.867867	  0.013777	  0.117787	
  0.000570	  0.001121	  0.974308	  0.024002	
  0.000570	  0.997740	  0.001121	  0.000570	
  0.000570	  0.048004	  0.950857	  0.000570	
  0.000570	  0.001121	  0.997740	  0.000570	
  0.000570	  0.974308	  0.024553	  0.000570	
  0.000570	  0.001121	  0.927425	  0.070885	
  0.047453	  0.010840	  0.941138	  0.000570	
  0.070885	  0.927425	  0.001121	  0.000570	
  0.127575	  0.024553	  0.309233	  0.538640	
  0.094317	  0.377925	  0.456892	  0.070866	

MOTIF 3 5-CGGCCGGCCGG-STREME-5

letter-probability matrix: alength= 4 w= 11 nsites= 211 E= 3.6e-001
  0.107129	  0.831792	  0.060886	  0.000193	
  0.139719	  0.016176	  0.843912	  0.000193	
  0.016063	  0.000379	  0.983365	  0.000193	
  0.054656	  0.869379	  0.040060	  0.035905	
  0.069595	  0.779688	  0.146558	  0.004159	
  0.000193	  0.000379	  0.999235	  0.000193	
  0.037587	  0.091319	  0.870901	  0.000193	
  0.124020	  0.637115	  0.172831	  0.066034	
  0.128038	  0.640939	  0.199566	  0.031457	
  0.083034	  0.000379	  0.916394	  0.000193	
  0.000193	  0.026767	  0.972847	  0.000193	

MOTIF 4 1-CGTCGCCGTCGYS-STREME-1

letter-probability matrix: alength= 4 w= 13 nsites= 167 E= 1.3e-001
  0.000153	  0.763236	  0.110236	  0.126375	
  0.044331	  0.000302	  0.917342	  0.038025	
  0.000153	  0.038171	  0.000302	  0.961374	
  0.000153	  0.999391	  0.000302	  0.000153	
  0.094819	  0.000302	  0.892103	  0.012776	
  0.025398	  0.608942	  0.078667	  0.286993	
  0.000153	  0.690144	  0.012924	  0.296778	
  0.019097	  0.012924	  0.857915	  0.110064	
  0.000153	  0.076035	  0.000302	  0.923510	
  0.000153	  0.999391	  0.000302	  0.000153	
  0.139012	  0.101279	  0.683818	  0.075891	
  0.063264	  0.443769	  0.195980	  0.296987	
  0.094829	  0.456587	  0.265399	  0.183184	

MOTIF 5 GGCMGGCMGSC-MEME-2

letter-probability matrix: alength= 4 w= 11 nsites= 218 E= 1.4e-017
  0.252294	  0.155963	  0.591743	  0.000000	
  0.000000	  0.000000	  1.000000	  0.000000	
  0.000000	  0.967890	  0.000000	  0.032110	
  0.376147	  0.486239	  0.137615	  0.000000	
  0.000000	  0.000000	  1.000000	  0.000000	
  0.000000	  0.000000	  1.000000	  0.000000	
  0.000000	  1.000000	  0.000000	  0.000000	
  0.454128	  0.371560	  0.174312	  0.000000	
  0.055046	  0.000000	  0.944954	  0.000000	
  0.073394	  0.325688	  0.600917	  0.000000	
  0.211009	  0.568807	  0.220183	  0.000000	

MOTIF 6 AWAAWAAA-MEME-3

letter-probability matrix: alength= 4 w= 8 nsites= 47 E= 3.5e-009
  0.808511	  0.000000	  0.000000	  0.191489	
  0.595745	  0.000000	  0.000000	  0.404255	
  1.000000	  0.000000	  0.000000	  0.000000	
  0.702128	  0.000000	  0.000000	  0.297872	
  0.659574	  0.000000	  0.000000	  0.340426	
  0.787234	  0.000000	  0.000000	  0.212766	
  1.000000	  0.000000	  0.000000	  0.000000	
  0.893617	  0.000000	  0.000000	  0.106383	

