MEME version 5.5.5 (Thu Sep 14 08:48:04 2023 +1000)

ALPHABET= ACGT

strands: + -

Background letter frequencies (from file `meme_chip_maxw_15/EREB109.rep1.top1000.fa/background'):
A 0.16740 C 0.33260 G 0.33260 T 0.16740 

MOTIF 1 SCCRCCGCCRCCGCC-MEME-1

letter-probability matrix: alength= 4 w= 15 nsites= 298 E= 6.3e-078
  0.140940	  0.251678	  0.479866	  0.127517	
  0.000000	  0.785235	  0.093960	  0.120805	
  0.043624	  0.956376	  0.000000	  0.000000	
  0.342282	  0.023490	  0.610738	  0.023490	
  0.100671	  0.882550	  0.013423	  0.003356	
  0.000000	  0.959732	  0.000000	  0.040268	
  0.140940	  0.214765	  0.536913	  0.107383	
  0.110738	  0.775168	  0.036913	  0.077181	
  0.036913	  0.946309	  0.000000	  0.016779	
  0.288591	  0.120805	  0.506711	  0.083893	
  0.050336	  0.942953	  0.006711	  0.000000	
  0.016779	  0.956376	  0.000000	  0.026846	
  0.140940	  0.151007	  0.610738	  0.097315	
  0.124161	  0.721477	  0.107383	  0.046980	
  0.000000	  0.812081	  0.097315	  0.090604	

MOTIF 2 5-CGGCGGCGGCGG-STREME-5

letter-probability matrix: alength= 4 w= 12 nsites= 190 E= 2.9e-001
  0.071491	  0.925247	  0.000352	  0.002910	
  0.041150	  0.038563	  0.841615	  0.078673	
  0.022139	  0.021777	  0.910179	  0.045905	
  0.014422	  0.949405	  0.021748	  0.014425	
  0.039536	  0.014615	  0.934228	  0.011621	
  0.021558	  0.050285	  0.920862	  0.007295	
  0.058838	  0.865340	  0.057409	  0.018413	
  0.035494	  0.052858	  0.853063	  0.058585	
  0.050081	  0.049552	  0.848547	  0.051820	
  0.037189	  0.842078	  0.060361	  0.060371	
  0.078632	  0.039030	  0.842963	  0.039375	
  0.082213	  0.116614	  0.750226	  0.050946	

MOTIF 3 2-CACCGMCC-STREME-2

letter-probability matrix: alength= 4 w= 8 nsites= 497 E= 1.4e-002
  0.073168	  0.906798	  0.000361	  0.019672	
  0.752074	  0.049287	  0.198473	  0.000166	
  0.009968	  0.989505	  0.000361	  0.000166	
  0.000166	  0.999306	  0.000361	  0.000166	
  0.000166	  0.000361	  0.863774	  0.135698	
  0.330282	  0.593523	  0.000361	  0.075834	
  0.189005	  0.810467	  0.000361	  0.000166	
  0.098985	  0.772446	  0.000361	  0.128207	

MOTIF 4 AAATAAAWAVAWADA-MEME-2

letter-probability matrix: alength= 4 w= 15 nsites= 44 E= 1.1e-053
  0.659091	  0.000000	  0.181818	  0.159091	
  0.681818	  0.090909	  0.045455	  0.181818	
  0.840909	  0.045455	  0.000000	  0.113636	
  0.136364	  0.090909	  0.136364	  0.636364	
  1.000000	  0.000000	  0.000000	  0.000000	
  0.636364	  0.113636	  0.000000	  0.250000	
  0.977273	  0.022727	  0.000000	  0.000000	
  0.386364	  0.000000	  0.045455	  0.568182	
  1.000000	  0.000000	  0.000000	  0.000000	
  0.318182	  0.363636	  0.204545	  0.113636	
  0.931818	  0.000000	  0.068182	  0.000000	
  0.590909	  0.068182	  0.000000	  0.340909	
  0.477273	  0.113636	  0.204545	  0.204545	
  0.318182	  0.159091	  0.181818	  0.340909	
  0.590909	  0.113636	  0.136364	  0.159091	

MOTIF 5 4-GCCGCCCA-STREME-4

letter-probability matrix: alength= 4 w= 8 nsites= 31 E= 2.4e-001
  0.014336	  0.031118	  0.940209	  0.014336	
  0.014336	  0.940209	  0.031118	  0.014336	
  0.014336	  0.940209	  0.031118	  0.014336	
  0.014336	  0.031118	  0.940209	  0.014336	
  0.014336	  0.940209	  0.031118	  0.014336	
  0.014336	  0.940209	  0.031118	  0.014336	
  0.014336	  0.940209	  0.031118	  0.014336	
  0.923427	  0.031118	  0.031118	  0.014336	

MOTIF 6 DCCGVCCGSCCGGCC-MEME-3

letter-probability matrix: alength= 4 w= 15 nsites= 97 E= 6.5e-025
  0.319588	  0.154639	  0.350515	  0.175258	
  0.103093	  0.896907	  0.000000	  0.000000	
  0.000000	  1.000000	  0.000000	  0.000000	
  0.000000	  0.144330	  0.855670	  0.000000	
  0.257732	  0.350515	  0.329897	  0.061856	
  0.000000	  1.000000	  0.000000	  0.000000	
  0.000000	  1.000000	  0.000000	  0.000000	
  0.020619	  0.000000	  0.948454	  0.030928	
  0.164948	  0.278351	  0.443299	  0.113402	
  0.000000	  1.000000	  0.000000	  0.000000	
  0.000000	  1.000000	  0.000000	  0.000000	
  0.030928	  0.010309	  0.907216	  0.051546	
  0.134021	  0.247423	  0.505155	  0.113402	
  0.000000	  0.896907	  0.000000	  0.103093	
  0.164948	  0.556701	  0.257732	  0.020619	

MOTIF 7 7-CGGCCGGCCGGCA-STREME-7

letter-probability matrix: alength= 4 w= 13 nsites= 26 E= 2.0e+000
  0.042331	  0.913294	  0.002044	  0.042331	
  0.000942	  0.043433	  0.954683	  0.000942	
  0.000942	  0.043433	  0.954683	  0.000942	
  0.000942	  0.913261	  0.084856	  0.000942	
  0.042331	  0.954683	  0.002044	  0.000942	
  0.000942	  0.043433	  0.954683	  0.000942	
  0.000942	  0.002044	  0.996073	  0.000942	
  0.000942	  0.871871	  0.084856	  0.042331	
  0.000942	  0.996073	  0.002044	  0.000942	
  0.042331	  0.043433	  0.913294	  0.000942	
  0.000942	  0.084823	  0.913294	  0.000942	
  0.000942	  0.913294	  0.043433	  0.042331	
  0.663239	  0.209574	  0.043433	  0.083754	

MOTIF 8 1-BGAVRRSGA-STREME-1

letter-probability matrix: alength= 4 w= 9 nsites= 470 E= 2.8e-003
  0.054179	  0.389263	  0.290983	  0.265575	
  0.167341	  0.000148	  0.832443	  0.000068	
  0.999636	  0.000148	  0.000148	  0.000068	
  0.217528	  0.430328	  0.248808	  0.103335	
  0.394376	  0.126467	  0.334325	  0.144832	
  0.267281	  0.130567	  0.470887	  0.131265	
  0.083515	  0.394924	  0.392789	  0.128772	
  0.000068	  0.000148	  0.993733	  0.006051	
  0.999636	  0.000148	  0.000148	  0.000068	

MOTIF 9 3-CAGCWGCTG-STREME-3

letter-probability matrix: alength= 4 w= 9 nsites= 95 E= 2.0e-002
  0.063034	  0.823825	  0.101825	  0.011315	
  0.715274	  0.016799	  0.007135	  0.260791	
  0.039102	  0.036976	  0.862872	  0.061050	
  0.006780	  0.898411	  0.074767	  0.020042	
  0.499235	  0.000765	  0.000765	  0.499235	
  0.020042	  0.074767	  0.898411	  0.006780	
  0.061050	  0.862872	  0.036976	  0.039102	
  0.260791	  0.007135	  0.016799	  0.715274	
  0.011315	  0.101825	  0.823825	  0.063034	

