MEME version 5.5.5 (Thu Sep 14 08:48:04 2023 +1000)

ALPHABET= ACGT

strands: + -

Background letter frequencies (from file `meme_chip_maxw_15/EREB198.rep2.top1000.fa/background'):
A 0.18450 C 0.31550 G 0.31550 T 0.18450 

MOTIF 1 GCGGCGGCGGC-MEME-1

letter-probability matrix: alength= 4 w= 11 nsites= 422 E= 1.0e-215
  0.146919	  0.146919	  0.706161	  0.000000	
  0.059242	  0.822275	  0.056872	  0.061611	
  0.000000	  0.004739	  0.995261	  0.000000	
  0.132701	  0.004739	  0.857820	  0.004739	
  0.002370	  0.947867	  0.009479	  0.040284	
  0.000000	  0.000000	  0.966825	  0.033175	
  0.052133	  0.127962	  0.819905	  0.000000	
  0.016588	  0.983412	  0.000000	  0.000000	
  0.000000	  0.016588	  0.907583	  0.075829	
  0.170616	  0.146919	  0.654028	  0.028436	
  0.000000	  0.812796	  0.154028	  0.033175	

MOTIF 2 1-CGGCGGCGGCGGCS-STREME-1

letter-probability matrix: alength= 4 w= 14 nsites= 307 E= 1.3e-002
  0.094556	  0.769196	  0.071971	  0.064277	
  0.007088	  0.000165	  0.992660	  0.000087	
  0.112083	  0.007168	  0.873664	  0.007085	
  0.033325	  0.895501	  0.038652	  0.032522	
  0.000087	  0.000165	  0.999660	  0.000087	
  0.080591	  0.000165	  0.919157	  0.000087	
  0.007085	  0.971668	  0.021160	  0.000087	
  0.000087	  0.000165	  0.996162	  0.003586	
  0.178561	  0.226233	  0.567129	  0.028077	
  0.057520	  0.795278	  0.073639	  0.073563	
  0.062470	  0.063353	  0.746684	  0.127493	
  0.157559	  0.152807	  0.604120	  0.085514	
  0.108559	  0.721149	  0.170204	  0.000087	
  0.115274	  0.285279	  0.495744	  0.103703	

MOTIF 3 6-CTAGCCGCCVA-STREME-6

letter-probability matrix: alength= 4 w= 11 nsites= 55 E= 8.5e-001
  0.000543	  0.867393	  0.088028	  0.044036	
  0.065782	  0.044535	  0.053538	  0.836145	
  0.866893	  0.131538	  0.001025	  0.000543	
  0.000543	  0.001025	  0.976142	  0.022290	
  0.022290	  0.976142	  0.001025	  0.000543	
  0.131021	  0.758661	  0.022772	  0.087546	
  0.000543	  0.001025	  0.997888	  0.000543	
  0.000543	  0.976142	  0.001025	  0.022290	
  0.000543	  0.954395	  0.022772	  0.022290	
  0.261569	  0.445041	  0.292846	  0.000543	
  0.553326	  0.066282	  0.196777	  0.183615	

MOTIF 4 AARAAAAAAAA-MEME-2

letter-probability matrix: alength= 4 w= 11 nsites= 40 E= 4.8e-034
  0.775000	  0.000000	  0.125000	  0.100000	
  0.950000	  0.000000	  0.050000	  0.000000	
  0.350000	  0.200000	  0.450000	  0.000000	
  1.000000	  0.000000	  0.000000	  0.000000	
  1.000000	  0.000000	  0.000000	  0.000000	
  0.750000	  0.000000	  0.250000	  0.000000	
  1.000000	  0.000000	  0.000000	  0.000000	
  0.700000	  0.000000	  0.175000	  0.125000	
  0.800000	  0.125000	  0.075000	  0.000000	
  0.925000	  0.000000	  0.000000	  0.075000	
  0.700000	  0.050000	  0.250000	  0.000000	

MOTIF 5 3-CCGCCCGCCCGCCC-STREME-3

letter-probability matrix: alength= 4 w= 14 nsites= 51 E= 1.4e-001
  0.064109	  0.871280	  0.064345	  0.000266	
  0.000266	  0.967045	  0.021783	  0.010906	
  0.064109	  0.053713	  0.849990	  0.032188	
  0.000266	  0.881916	  0.117552	  0.000266	
  0.000266	  0.988326	  0.011142	  0.000266	
  0.010906	  0.956396	  0.021791	  0.010906	
  0.096031	  0.053709	  0.828713	  0.021547	
  0.032188	  0.898784	  0.032428	  0.036601	
  0.000266	  0.956404	  0.011142	  0.032188	
  0.159875	  0.526346	  0.164537	  0.149243	
  0.117312	  0.245256	  0.498838	  0.138593	
  0.053473	  0.786151	  0.128189	  0.032188	
  0.074759	  0.658451	  0.128189	  0.138602	
  0.010906	  0.617694	  0.179603	  0.191796	

MOTIF 6 YGGCSGGCBGGSBGG-MEME-3

letter-probability matrix: alength= 4 w= 15 nsites= 104 E= 3.3e-017
  0.173077	  0.346154	  0.096154	  0.384615	
  0.000000	  0.000000	  1.000000	  0.000000	
  0.000000	  0.000000	  1.000000	  0.000000	
  0.000000	  0.894231	  0.048077	  0.057692	
  0.000000	  0.346154	  0.451923	  0.201923	
  0.000000	  0.000000	  0.980769	  0.019231	
  0.000000	  0.326923	  0.673077	  0.000000	
  0.000000	  1.000000	  0.000000	  0.000000	
  0.000000	  0.221154	  0.413462	  0.365385	
  0.038462	  0.076923	  0.826923	  0.057692	
  0.000000	  0.000000	  1.000000	  0.000000	
  0.019231	  0.605769	  0.375000	  0.000000	
  0.067308	  0.423077	  0.288462	  0.221154	
  0.000000	  0.201923	  0.798077	  0.000000	
  0.000000	  0.240385	  0.625000	  0.134615	

MOTIF 7 2-GACGGCGA-STREME-2

letter-probability matrix: alength= 4 w= 8 nsites= 188 E= 1.5e-002
  0.035663	  0.001131	  0.962607	  0.000599	
  0.997139	  0.001131	  0.001131	  0.000599	
  0.061667	  0.875700	  0.005123	  0.057510	
  0.050397	  0.043981	  0.837967	  0.067655	
  0.164107	  0.001131	  0.806006	  0.028756	
  0.142456	  0.815618	  0.004353	  0.037572	
  0.000599	  0.001131	  0.982068	  0.016202	
  0.997139	  0.001131	  0.001131	  0.000599	

MOTIF 8 4-AGCAGCAGCCAV-STREME-4

letter-probability matrix: alength= 4 w= 12 nsites= 66 E= 2.4e-001
  0.776235	  0.012931	  0.148780	  0.062054	
  0.037356	  0.012931	  0.937056	  0.012658	
  0.123799	  0.808444	  0.042751	  0.025007	
  0.924433	  0.012931	  0.049978	  0.012658	
  0.074403	  0.000582	  0.924707	  0.000309	
  0.037356	  0.924707	  0.037629	  0.000309	
  0.899735	  0.087025	  0.000582	  0.012658	
  0.099101	  0.062327	  0.751821	  0.086752	
  0.037356	  0.801212	  0.161124	  0.000309	
  0.062064	  0.665358	  0.087035	  0.185544	
  0.654845	  0.136421	  0.129209	  0.079525	
  0.210242	  0.346374	  0.351511	  0.091874	

