MEME version 5.5.5 (Thu Sep 14 08:48:04 2023 +1000)

ALPHABET= ACGT

strands: + -

Background letter frequencies (from file `meme_chip_maxw_15/EREB71.rep2.top1000.fa/background'):
A 0.19960 C 0.30040 G 0.30040 T 0.19960 

MOTIF 1 SSSCCGCCRCCGCCC-MEME-1

letter-probability matrix: alength= 4 w= 15 nsites= 532 E= 3.5e-172
  0.120301	  0.432331	  0.266917	  0.180451	
  0.152256	  0.445489	  0.268797	  0.133459	
  0.152256	  0.343985	  0.443609	  0.060150	
  0.075188	  0.567669	  0.261278	  0.095865	
  0.054511	  0.650376	  0.199248	  0.095865	
  0.095865	  0.218045	  0.584586	  0.101504	
  0.041353	  0.558271	  0.261278	  0.139098	
  0.001880	  0.983083	  0.005639	  0.009398	
  0.336466	  0.046992	  0.614662	  0.001880	
  0.000000	  1.000000	  0.000000	  0.000000	
  0.000000	  1.000000	  0.000000	  0.000000	
  0.003759	  0.022556	  0.911654	  0.062030	
  0.071429	  0.605263	  0.169173	  0.154135	
  0.016917	  0.960526	  0.018797	  0.003759	
  0.133459	  0.693609	  0.142857	  0.030075	

MOTIF 2 2-SCCRCCGCCCC-STREME-2

letter-probability matrix: alength= 4 w= 11 nsites= 339 E= 6.4e-002
  0.074996	  0.310021	  0.597737	  0.017246	
  0.000093	  0.673773	  0.204291	  0.121843	
  0.000093	  0.976750	  0.000154	  0.023002	
  0.342745	  0.035021	  0.611850	  0.010383	
  0.000093	  0.999659	  0.000154	  0.000093	
  0.000093	  0.999659	  0.000154	  0.000093	
  0.000093	  0.015298	  0.878140	  0.106469	
  0.092456	  0.741097	  0.093250	  0.073196	
  0.000093	  0.950131	  0.000154	  0.049622	
  0.150314	  0.728975	  0.047987	  0.072725	
  0.192899	  0.452951	  0.167823	  0.186328	

MOTIF 3 TWWTYTTTTTTHTTT-MEME-2

letter-probability matrix: alength= 4 w= 15 nsites= 90 E= 3.7e-065
  0.144444	  0.000000	  0.022222	  0.833333	
  0.411111	  0.111111	  0.000000	  0.477778	
  0.355556	  0.022222	  0.133333	  0.488889	
  0.077778	  0.044444	  0.100000	  0.777778	
  0.077778	  0.455556	  0.000000	  0.466667	
  0.033333	  0.211111	  0.188889	  0.566667	
  0.155556	  0.166667	  0.000000	  0.677778	
  0.122222	  0.211111	  0.077778	  0.588889	
  0.122222	  0.144444	  0.055556	  0.677778	
  0.022222	  0.133333	  0.000000	  0.844444	
  0.011111	  0.266667	  0.000000	  0.722222	
  0.377778	  0.355556	  0.000000	  0.266667	
  0.000000	  0.000000	  0.000000	  1.000000	
  0.166667	  0.000000	  0.000000	  0.833333	
  0.166667	  0.088889	  0.033333	  0.711111	

MOTIF 4 5-ACCGGCCGGCSGM-STREME-5

letter-probability matrix: alength= 4 w= 13 nsites= 85 E= 1.3e+000
  0.606531	  0.218210	  0.174927	  0.000332	
  0.000332	  0.998788	  0.000549	  0.000332	
  0.000332	  0.998788	  0.000549	  0.000332	
  0.000332	  0.000549	  0.949966	  0.049154	
  0.284078	  0.066638	  0.648952	  0.000332	
  0.000332	  0.998788	  0.000549	  0.000332	
  0.061359	  0.925555	  0.012754	  0.000332	
  0.212902	  0.030022	  0.756745	  0.000332	
  0.066451	  0.000549	  0.871632	  0.061369	
  0.024743	  0.901144	  0.000549	  0.073565	
  0.024743	  0.492128	  0.446181	  0.036948	
  0.029805	  0.284275	  0.661177	  0.024743	
  0.261753	  0.488132	  0.237573	  0.012542	

MOTIF 5 GGBYGGCCGGYCGGY-MEME-3

letter-probability matrix: alength= 4 w= 15 nsites= 100 E= 1.1e-031
  0.150000	  0.120000	  0.670000	  0.060000	
  0.000000	  0.210000	  0.710000	  0.080000	
  0.100000	  0.360000	  0.250000	  0.290000	
  0.000000	  0.650000	  0.000000	  0.350000	
  0.010000	  0.130000	  0.860000	  0.000000	
  0.000000	  0.000000	  1.000000	  0.000000	
  0.000000	  0.620000	  0.180000	  0.200000	
  0.010000	  0.720000	  0.000000	  0.270000	
  0.060000	  0.000000	  0.920000	  0.020000	
  0.000000	  0.000000	  1.000000	  0.000000	
  0.090000	  0.560000	  0.060000	  0.290000	
  0.000000	  0.800000	  0.000000	  0.200000	
  0.060000	  0.000000	  0.940000	  0.000000	
  0.070000	  0.000000	  0.930000	  0.000000	
  0.010000	  0.560000	  0.090000	  0.340000	

MOTIF 6 7-AGGCAGGCAGS-STREME-7

letter-probability matrix: alength= 4 w= 11 nsites= 56 E= 6.6e+000
  0.696776	  0.000845	  0.264249	  0.038130	
  0.000512	  0.038464	  0.941704	  0.019321	
  0.019321	  0.000845	  0.979323	  0.000512	
  0.038145	  0.828834	  0.132509	  0.000512	
  0.809646	  0.170188	  0.019654	  0.000512	
  0.000512	  0.000845	  0.998132	  0.000512	
  0.038130	  0.000845	  0.960513	  0.000512	
  0.000512	  0.866452	  0.113715	  0.019321	
  0.828410	  0.000845	  0.094982	  0.075763	
  0.207428	  0.076105	  0.715956	  0.000512	
  0.075763	  0.358355	  0.565370	  0.000512	

MOTIF 7 1-GACRRCGAC-STREME-1

letter-probability matrix: alength= 4 w= 9 nsites= 261 E= 6.7e-003
  0.142249	  0.039794	  0.758333	  0.059624	
  0.999212	  0.000302	  0.000302	  0.000183	
  0.046549	  0.719035	  0.101217	  0.133200	
  0.365099	  0.106306	  0.511646	  0.016949	
  0.346953	  0.105543	  0.547321	  0.000183	
  0.000183	  0.690029	  0.180560	  0.129228	
  0.079616	  0.000302	  0.919898	  0.000183	
  0.999212	  0.000302	  0.000302	  0.000183	
  0.122828	  0.867133	  0.009856	  0.000183	

MOTIF 8 6-CACCGMCCACC-STREME-6

letter-probability matrix: alength= 4 w= 11 nsites= 50 E= 6.1e+000
  0.000512	  0.960507	  0.000845	  0.038136	
  0.997798	  0.000845	  0.000845	  0.000512	
  0.019324	  0.979319	  0.000845	  0.000512	
  0.132213	  0.715932	  0.000845	  0.151010	
  0.151063	  0.189014	  0.659412	  0.000512	
  0.527407	  0.471236	  0.000845	  0.000512	
  0.226267	  0.734752	  0.000845	  0.038136	
  0.000512	  0.979319	  0.000845	  0.019324	
  0.941346	  0.000845	  0.019658	  0.038151	
  0.075761	  0.791196	  0.132532	  0.000512	
  0.245094	  0.659472	  0.000845	  0.094588	

