MEME version 5.5.5 (Thu Sep 14 08:48:04 2023 +1000)

ALPHABET= ACGT

strands: + -

Background letter frequencies (from file `meme_chip_maxw_15/EREB211.rep1.top1000.fa/background'):
A 0.20540 C 0.29460 G 0.29460 T 0.20540 

MOTIF 1 CCGCCGCCGCCGCCG-MEME-1

letter-probability matrix: alength= 4 w= 15 nsites= 183 E= 6.4e-141
  0.038251	  0.612022	  0.147541	  0.202186	
  0.103825	  0.693989	  0.114754	  0.087432	
  0.000000	  0.032787	  0.912568	  0.054645	
  0.032787	  0.617486	  0.103825	  0.245902	
  0.131148	  0.836066	  0.000000	  0.032787	
  0.000000	  0.000000	  0.994536	  0.005464	
  0.000000	  0.721311	  0.158470	  0.120219	
  0.016393	  0.945355	  0.038251	  0.000000	
  0.000000	  0.021858	  0.978142	  0.000000	
  0.000000	  0.699454	  0.000000	  0.300546	
  0.120219	  0.808743	  0.005464	  0.065574	
  0.081967	  0.005464	  0.868852	  0.043716	
  0.000000	  0.743169	  0.109290	  0.147541	
  0.000000	  0.830601	  0.000000	  0.169399	
  0.054645	  0.185792	  0.644809	  0.114754	

MOTIF 2 ADAAARAAAAGRAMA-MEME-2

letter-probability matrix: alength= 4 w= 15 nsites= 84 E= 9.1e-080
  0.761905	  0.000000	  0.000000	  0.238095	
  0.416667	  0.107143	  0.250000	  0.226190	
  0.928571	  0.071429	  0.000000	  0.000000	
  0.976190	  0.000000	  0.023810	  0.000000	
  0.642857	  0.000000	  0.178571	  0.178571	
  0.595238	  0.000000	  0.392857	  0.011905	
  0.833333	  0.000000	  0.000000	  0.166667	
  0.785714	  0.000000	  0.083333	  0.130952	
  0.797619	  0.035714	  0.000000	  0.166667	
  0.988095	  0.011905	  0.000000	  0.000000	
  0.190476	  0.071429	  0.607143	  0.130952	
  0.285714	  0.035714	  0.476190	  0.202381	
  0.761905	  0.000000	  0.130952	  0.107143	
  0.380952	  0.261905	  0.178571	  0.178571	
  0.678571	  0.023810	  0.214286	  0.083333	

MOTIF 3 1-CGCCGYCGCCGYCGC-STREME-1

letter-probability matrix: alength= 4 w= 15 nsites= 263 E= 1.0e-002
  0.033729	  0.831544	  0.079995	  0.054732	
  0.000123	  0.071593	  0.886154	  0.042130	
  0.000123	  0.802122	  0.058994	  0.138761	
  0.037929	  0.949165	  0.012783	  0.000123	
  0.012725	  0.058991	  0.928162	  0.000123	
  0.016929	  0.499626	  0.063192	  0.420253	
  0.075736	  0.839946	  0.042188	  0.042130	
  0.033729	  0.122002	  0.806340	  0.037929	
  0.033729	  0.713907	  0.147210	  0.105155	
  0.029528	  0.812997	  0.025385	  0.132090	
  0.058933	  0.071593	  0.806330	  0.063144	
  0.058937	  0.529030	  0.063192	  0.348842	
  0.113543	  0.737384	  0.096798	  0.052276	
  0.067336	  0.155608	  0.684506	  0.092549	
  0.096743	  0.772727	  0.058991	  0.071539	

MOTIF 4 2-GCGGCGCC-STREME-2

letter-probability matrix: alength= 4 w= 8 nsites= 55 E= 4.2e-002
  0.018400	  0.027054	  0.936145	  0.018400	
  0.018400	  0.936145	  0.027054	  0.018400	
  0.018400	  0.027054	  0.936145	  0.018400	
  0.018400	  0.027054	  0.936145	  0.018400	
  0.018400	  0.936145	  0.027054	  0.018400	
  0.018400	  0.027054	  0.936145	  0.018400	
  0.018400	  0.936145	  0.027054	  0.018400	
  0.018400	  0.936145	  0.027054	  0.018400	

MOTIF 5 SSCGCCGC-MEME-3

letter-probability matrix: alength= 4 w= 8 nsites= 207 E= 2.0e-043
  0.000000	  0.526570	  0.473430	  0.000000	
  0.000000	  0.371981	  0.628019	  0.000000	
  0.000000	  1.000000	  0.000000	  0.000000	
  0.000000	  0.000000	  1.000000	  0.000000	
  0.000000	  1.000000	  0.000000	  0.000000	
  0.000000	  1.000000	  0.000000	  0.000000	
  0.000000	  0.000000	  1.000000	  0.000000	
  0.000000	  1.000000	  0.000000	  0.000000	

MOTIF 6 5-CCGCRCCGCAC-STREME-5

letter-probability matrix: alength= 4 w= 11 nsites= 73 E= 5.1e-001
  0.000590	  0.977759	  0.000867	  0.020784	
  0.000590	  0.997954	  0.000867	  0.000590	
  0.000590	  0.191012	  0.807809	  0.000590	
  0.000590	  0.856566	  0.000867	  0.141977	
  0.645381	  0.000867	  0.353163	  0.000590	
  0.000590	  0.997954	  0.000867	  0.000590	
  0.020784	  0.917159	  0.061467	  0.000590	
  0.000590	  0.182636	  0.816185	  0.000590	
  0.020792	  0.977751	  0.000867	  0.000590	
  0.655537	  0.000867	  0.302617	  0.040979	
  0.170588	  0.646138	  0.182684	  0.000590	

