MEME version 5.5.5 (Thu Sep 14 08:48:04 2023 +1000)

ALPHABET= ACGT

strands: + -

Background letter frequencies (from file `meme_chip_maxw_15/EREB17.rep1.top1000.fa/background'):
A 0.17030 C 0.32970 G 0.32970 T 0.17030 

MOTIF 1 GGCGGYGGCGGYGGC-MEME-1

letter-probability matrix: alength= 4 w= 15 nsites= 325 E= 1.1e-091
  0.012308	  0.055385	  0.910769	  0.021538	
  0.110769	  0.055385	  0.750769	  0.083077	
  0.058462	  0.806154	  0.049231	  0.086154	
  0.061538	  0.006154	  0.932308	  0.000000	
  0.024615	  0.000000	  0.935385	  0.040000	
  0.000000	  0.476923	  0.064615	  0.458462	
  0.027692	  0.000000	  0.947692	  0.024615	
  0.049231	  0.258462	  0.661538	  0.030769	
  0.030769	  0.615385	  0.203077	  0.150769	
  0.043077	  0.083077	  0.873846	  0.000000	
  0.046154	  0.076923	  0.824615	  0.052308	
  0.024615	  0.560000	  0.033846	  0.381538	
  0.006154	  0.080000	  0.864615	  0.049231	
  0.073846	  0.153846	  0.766154	  0.006154	
  0.107692	  0.526154	  0.233846	  0.132308	

MOTIF 2 2-CCACCGCCRCCGCC-STREME-2

letter-probability matrix: alength= 4 w= 14 nsites= 139 E= 5.3e-003
  0.000184	  0.753810	  0.205461	  0.040545	
  0.047488	  0.928291	  0.016153	  0.008068	
  0.695654	  0.000385	  0.295894	  0.008068	
  0.000184	  0.896746	  0.102886	  0.000184	
  0.000184	  0.936175	  0.000385	  0.063256	
  0.142109	  0.016153	  0.817902	  0.023836	
  0.008068	  0.770519	  0.205461	  0.015952	
  0.039607	  0.959824	  0.000385	  0.000184	
  0.530074	  0.039811	  0.406279	  0.023836	
  0.086908	  0.746934	  0.102896	  0.063262	
  0.055372	  0.810025	  0.039811	  0.094792	
  0.102682	  0.031921	  0.817909	  0.047488	
  0.000184	  0.770522	  0.197574	  0.031720	
  0.000184	  0.894102	  0.066107	  0.039607	

MOTIF 3 4-GCCGCCCCCC-STREME-4

letter-probability matrix: alength= 4 w= 10 nsites= 436 E= 7.9e-002
  0.130081	  0.111450	  0.747656	  0.010813	
  0.000105	  0.980829	  0.000220	  0.018845	
  0.000105	  0.959982	  0.000896	  0.039017	
  0.036754	  0.070092	  0.851810	  0.041344	
  0.021246	  0.925971	  0.025547	  0.027237	
  0.000974	  0.931508	  0.001135	  0.066383	
  0.044665	  0.703023	  0.099816	  0.152496	
  0.132091	  0.622468	  0.114696	  0.130745	
  0.095984	  0.752508	  0.097759	  0.053749	
  0.156861	  0.746765	  0.047722	  0.048652	

MOTIF 4 WARWRRAAKARRAWW-MEME-2

letter-probability matrix: alength= 4 w= 15 nsites= 107 E= 2.2e-045
  0.448598	  0.000000	  0.093458	  0.457944	
  0.971963	  0.000000	  0.028037	  0.000000	
  0.598131	  0.000000	  0.364486	  0.037383	
  0.504673	  0.102804	  0.130841	  0.261682	
  0.429907	  0.000000	  0.364486	  0.205607	
  0.551402	  0.093458	  0.345794	  0.009346	
  0.579439	  0.028037	  0.186916	  0.205607	
  0.813084	  0.000000	  0.093458	  0.093458	
  0.214953	  0.112150	  0.439252	  0.233645	
  0.672897	  0.000000	  0.140187	  0.186916	
  0.504673	  0.093458	  0.336449	  0.065421	
  0.467290	  0.000000	  0.411215	  0.121495	
  0.691589	  0.037383	  0.121495	  0.149533	
  0.532710	  0.112150	  0.000000	  0.355140	
  0.317757	  0.000000	  0.140187	  0.542056	

MOTIF 5 AGYAGCAGCAGCAGC-MEME-3

letter-probability matrix: alength= 4 w= 15 nsites= 38 E= 1.9e-014
  0.500000	  0.236842	  0.210526	  0.052632	
  0.000000	  0.263158	  0.684211	  0.052632	
  0.131579	  0.500000	  0.000000	  0.368421	
  0.947368	  0.000000	  0.052632	  0.000000	
  0.026316	  0.026316	  0.947368	  0.000000	
  0.105263	  0.657895	  0.026316	  0.210526	
  1.000000	  0.000000	  0.000000	  0.000000	
  0.000000	  0.000000	  0.921053	  0.078947	
  0.000000	  0.842105	  0.000000	  0.157895	
  1.000000	  0.000000	  0.000000	  0.000000	
  0.026316	  0.026316	  0.842105	  0.105263	
  0.000000	  0.763158	  0.210526	  0.026316	
  0.710526	  0.184211	  0.026316	  0.078947	
  0.078947	  0.000000	  0.921053	  0.000000	
  0.026316	  0.736842	  0.131579	  0.105263	

MOTIF 6 5-CCKGCCGGCG-STREME-5

letter-probability matrix: alength= 4 w= 10 nsites= 99 E= 3.5e+000
  0.000415	  0.998303	  0.000867	  0.000415	
  0.035192	  0.925398	  0.038995	  0.000415	
  0.045595	  0.000867	  0.415996	  0.537542	
  0.000415	  0.018643	  0.980527	  0.000415	
  0.000415	  0.980527	  0.000867	  0.018191	
  0.000415	  0.988702	  0.000867	  0.010016	
  0.018191	  0.000867	  0.927186	  0.053756	
  0.053756	  0.000867	  0.944961	  0.000415	
  0.018191	  0.953150	  0.010469	  0.018191	
  0.044492	  0.184388	  0.566078	  0.205043	

MOTIF 7 1-GACRGCGAC-STREME-1

letter-probability matrix: alength= 4 w= 9 nsites= 142 E= 1.4e-003
  0.000215	  0.000450	  0.999120	  0.000215	
  0.998886	  0.000450	  0.000450	  0.000215	
  0.235351	  0.626570	  0.000450	  0.137629	
  0.353368	  0.000450	  0.645967	  0.000215	
  0.221593	  0.210686	  0.479703	  0.088017	
  0.176353	  0.562875	  0.149091	  0.111680	
  0.000215	  0.000450	  0.999120	  0.000215	
  0.998886	  0.000450	  0.000450	  0.000215	
  0.000215	  0.980675	  0.018895	  0.000215	

MOTIF 8 3-YACGTR-STREME-3

letter-probability matrix: alength= 4 w= 6 nsites= 68 E= 3.4e-002
  0.014709	  0.485291	  0.030745	  0.469255	
  0.923800	  0.030745	  0.030745	  0.014709	
  0.014709	  0.939836	  0.030745	  0.014709	
  0.014709	  0.030745	  0.939836	  0.014709	
  0.014709	  0.030745	  0.030745	  0.923800	
  0.469255	  0.030745	  0.485291	  0.014709	

