MEME version 5.5.5 (Thu Sep 14 08:48:04 2023 +1000)

ALPHABET= ACGT

strands: + -

Background letter frequencies (from file `meme_chip_maxw_15/EREB102.rep2.top1000.fa/background'):
A 0.19260 C 0.30740 G 0.30740 T 0.19260 

MOTIF 1 RAAACCRKGGGCGSB-MEME-3

letter-probability matrix: alength= 4 w= 15 nsites= 162 E= 7.3e-052
  0.518519	  0.037037	  0.388889	  0.055556	
  0.962963	  0.000000	  0.037037	  0.000000	
  0.858025	  0.000000	  0.012346	  0.129630	
  0.759259	  0.154321	  0.000000	  0.086420	
  0.000000	  1.000000	  0.000000	  0.000000	
  0.148148	  0.685185	  0.037037	  0.129630	
  0.358025	  0.037037	  0.530864	  0.074074	
  0.006173	  0.203704	  0.432099	  0.358025	
  0.030864	  0.179012	  0.722222	  0.067901	
  0.074074	  0.006173	  0.648148	  0.271605	
  0.000000	  0.024691	  0.956790	  0.018519	
  0.006173	  0.950617	  0.000000	  0.043210	
  0.074074	  0.172840	  0.518519	  0.234568	
  0.129630	  0.246914	  0.487654	  0.135802	
  0.123457	  0.419753	  0.240741	  0.216049	

MOTIF 2 TTBTTTTTTWT-MEME-1

letter-probability matrix: alength= 4 w= 11 nsites= 95 E= 4.7e-049
  0.052632	  0.000000	  0.000000	  0.947368	
  0.000000	  0.115789	  0.000000	  0.884211	
  0.147368	  0.294737	  0.189474	  0.368421	
  0.115789	  0.200000	  0.000000	  0.684211	
  0.000000	  0.000000	  0.000000	  1.000000	
  0.242105	  0.084211	  0.042105	  0.631579	
  0.010526	  0.157895	  0.073684	  0.757895	
  0.189474	  0.094737	  0.073684	  0.642105	
  0.326316	  0.000000	  0.000000	  0.673684	
  0.410526	  0.115789	  0.000000	  0.473684	
  0.000000	  0.000000	  0.000000	  1.000000	

MOTIF 3 CGGCGRCGGCG-MEME-2

letter-probability matrix: alength= 4 w= 11 nsites= 133 E= 2.2e-043
  0.030075	  0.857143	  0.082707	  0.030075	
  0.045113	  0.000000	  0.894737	  0.060150	
  0.255639	  0.000000	  0.744361	  0.000000	
  0.037594	  0.849624	  0.037594	  0.075188	
  0.075188	  0.000000	  0.924812	  0.000000	
  0.345865	  0.000000	  0.593985	  0.060150	
  0.000000	  1.000000	  0.000000	  0.000000	
  0.000000	  0.000000	  1.000000	  0.000000	
  0.300752	  0.082707	  0.616541	  0.000000	
  0.000000	  1.000000	  0.000000	  0.000000	
  0.000000	  0.007519	  0.992481	  0.000000	

MOTIF 4 2-CGGCGRCGGCGRC-STREME-2

letter-probability matrix: alength= 4 w= 13 nsites= 117 E= 1.2e-001
  0.026295	  0.946829	  0.000581	  0.026295	
  0.052245	  0.039502	  0.907898	  0.000354	
  0.161387	  0.039492	  0.785797	  0.013324	
  0.026295	  0.856038	  0.078402	  0.039265	
  0.026295	  0.000581	  0.972770	  0.000354	
  0.615531	  0.000581	  0.383534	  0.000354	
  0.013324	  0.972770	  0.000581	  0.013324	
  0.065205	  0.109743	  0.811727	  0.013324	
  0.130066	  0.039492	  0.817117	  0.013324	
  0.026295	  0.894938	  0.078413	  0.000354	
  0.026305	  0.000581	  0.972759	  0.000354	
  0.597191	  0.052462	  0.349992	  0.000354	
  0.052235	  0.869008	  0.052462	  0.026295	

MOTIF 5 5-CTGCTGCTGC-STREME-5

letter-probability matrix: alength= 4 w= 10 nsites= 56 E= 8.6e-001
  0.000615	  0.930229	  0.001009	  0.068148	
  0.000615	  0.001009	  0.001009	  0.997368	
  0.045625	  0.061149	  0.825079	  0.068148	
  0.000615	  0.975257	  0.001009	  0.023120	
  0.000615	  0.001009	  0.318915	  0.679461	
  0.135699	  0.196457	  0.599697	  0.068148	
  0.000615	  0.997762	  0.001009	  0.000615	
  0.000615	  0.001009	  0.091083	  0.907294	
  0.000615	  0.001009	  0.997762	  0.000615	
  0.000615	  0.954582	  0.044189	  0.000615	

