MEME version 5.5.5 (Thu Sep 14 08:48:04 2023 +1000)

ALPHABET= ACGT

strands: + -

Background letter frequencies (from file `meme_chip_maxw_15/EREB34.rep2.top1000.fa/background'):
A 0.18720 C 0.31280 G 0.31280 T 0.18720 

MOTIF 1 GRCGGCGGCGGCGRS-MEME-1

letter-probability matrix: alength= 4 w= 15 nsites= 196 E= 7.1e-105
  0.127551	  0.142857	  0.688776	  0.040816	
  0.255102	  0.244898	  0.500000	  0.000000	
  0.061224	  0.857143	  0.081633	  0.000000	
  0.000000	  0.000000	  0.938776	  0.061224	
  0.244898	  0.010204	  0.744898	  0.000000	
  0.000000	  0.816327	  0.040816	  0.142857	
  0.091837	  0.025510	  0.882653	  0.000000	
  0.260204	  0.173469	  0.566327	  0.000000	
  0.020408	  0.795918	  0.132653	  0.051020	
  0.020408	  0.000000	  0.969388	  0.010204	
  0.214286	  0.066327	  0.709184	  0.010204	
  0.000000	  0.974490	  0.010204	  0.015306	
  0.112245	  0.000000	  0.887755	  0.000000	
  0.295918	  0.147959	  0.556122	  0.000000	
  0.000000	  0.591837	  0.321429	  0.086735	

MOTIF 2 3-GCGGCGGCGGCGGSS-STREME-3

letter-probability matrix: alength= 4 w= 15 nsites= 131 E= 7.0e-002
  0.220048	  0.098083	  0.681660	  0.000209	
  0.000209	  0.803793	  0.195788	  0.000209	
  0.000209	  0.000378	  0.974779	  0.024633	
  0.106052	  0.000378	  0.893361	  0.000209	
  0.097906	  0.836371	  0.000378	  0.065345	
  0.000209	  0.000378	  0.982921	  0.016492	
  0.163062	  0.000378	  0.836351	  0.000209	
  0.008351	  0.950355	  0.000378	  0.040916	
  0.032775	  0.024802	  0.942214	  0.000209	
  0.171179	  0.114366	  0.714246	  0.000209	
  0.000209	  0.901498	  0.057376	  0.040916	
  0.122339	  0.000378	  0.836367	  0.040916	
  0.244476	  0.114358	  0.502553	  0.138613	
  0.057199	  0.600266	  0.309760	  0.032775	
  0.138630	  0.266145	  0.448466	  0.146759	

MOTIF 3 4-SCCGGCCGGCCGSCC-STREME-4

letter-probability matrix: alength= 4 w= 15 nsites= 112 E= 1.3e-001
  0.154428	  0.510531	  0.274778	  0.060262	
  0.160271	  0.779002	  0.030467	  0.030260	
  0.020259	  0.949017	  0.010465	  0.020259	
  0.000257	  0.180491	  0.688983	  0.130269	
  0.000257	  0.000464	  0.989021	  0.010258	
  0.000257	  0.999022	  0.000464	  0.000257	
  0.030260	  0.949017	  0.020466	  0.000257	
  0.010258	  0.134624	  0.854862	  0.000257	
  0.030260	  0.070471	  0.884864	  0.014405	
  0.000257	  0.959018	  0.030467	  0.010258	
  0.030260	  0.869005	  0.080477	  0.020259	
  0.120268	  0.054616	  0.774854	  0.050262	
  0.060262	  0.480518	  0.428955	  0.030265	
  0.120268	  0.738983	  0.070471	  0.070278	
  0.060262	  0.598980	  0.230490	  0.110267	

MOTIF 4 CGGCCGGCSGG-MEME-2

letter-probability matrix: alength= 4 w= 11 nsites= 196 E= 2.0e-049
  0.091837	  0.627551	  0.000000	  0.280612	
  0.000000	  0.000000	  1.000000	  0.000000	
  0.000000	  0.000000	  1.000000	  0.000000	
  0.000000	  0.719388	  0.188776	  0.091837	
  0.096939	  0.801020	  0.102041	  0.000000	
  0.000000	  0.000000	  1.000000	  0.000000	
  0.000000	  0.000000	  1.000000	  0.000000	
  0.000000	  0.984694	  0.000000	  0.015306	
  0.198980	  0.382653	  0.418367	  0.000000	
  0.000000	  0.219388	  0.780612	  0.000000	
  0.000000	  0.306122	  0.632653	  0.061224	

MOTIF 5 TWTTHWTHWATAWAT-MEME-3

letter-probability matrix: alength= 4 w= 15 nsites= 26 E= 5.4e-019
  0.269231	  0.000000	  0.038462	  0.692308	
  0.461538	  0.000000	  0.038462	  0.500000	
  0.115385	  0.153846	  0.000000	  0.730769	
  0.153846	  0.000000	  0.000000	  0.846154	
  0.461538	  0.230769	  0.000000	  0.307692	
  0.423077	  0.115385	  0.076923	  0.384615	
  0.000000	  0.000000	  0.115385	  0.884615	
  0.384615	  0.384615	  0.000000	  0.230769	
  0.269231	  0.192308	  0.038462	  0.500000	
  0.884615	  0.000000	  0.000000	  0.115385	
  0.038462	  0.000000	  0.115385	  0.846154	
  0.961538	  0.000000	  0.000000	  0.038462	
  0.269231	  0.230769	  0.000000	  0.500000	
  1.000000	  0.000000	  0.000000	  0.000000	
  0.076923	  0.000000	  0.153846	  0.769231	

MOTIF 6 1-GACGRCGACG-STREME-1

letter-probability matrix: alength= 4 w= 10 nsites= 122 E= 1.0e-002
  0.011696	  0.000530	  0.976078	  0.011696	
  0.998648	  0.000530	  0.000530	  0.000293	
  0.039249	  0.704064	  0.161378	  0.095310	
  0.240936	  0.046177	  0.678372	  0.034514	
  0.390213	  0.000530	  0.603262	  0.005995	
  0.000293	  0.767608	  0.220397	  0.011702	
  0.169465	  0.000530	  0.818309	  0.011696	
  0.998648	  0.000530	  0.000530	  0.000293	
  0.039243	  0.829747	  0.085104	  0.045906	
  0.059810	  0.117399	  0.808903	  0.013888	

MOTIF 7 2-GCGCCGCCC-STREME-2

letter-probability matrix: alength= 4 w= 9 nsites= 125 E= 6.1e-002
  0.000538	  0.086865	  0.912059	  0.000538	
  0.056655	  0.741563	  0.000973	  0.200810	
  0.000538	  0.114416	  0.863563	  0.021483	
  0.000538	  0.956448	  0.000973	  0.042042	
  0.000538	  0.997951	  0.000973	  0.000538	
  0.035710	  0.000973	  0.856076	  0.107241	
  0.176821	  0.821668	  0.000973	  0.000538	
  0.000538	  0.841522	  0.106749	  0.051191	
  0.000538	  0.997951	  0.000973	  0.000538	

