MEME version 5.5.5 (Thu Sep 14 08:48:04 2023 +1000)

ALPHABET= ACGT

strands: + -

Background letter frequencies (from file `meme_chip_maxw_15/EREB209.rep1.top1000.fa/background'):
A 0.15980 C 0.34020 G 0.34020 T 0.15980 

MOTIF 1 CGGCGGCGGCGGCG-MEME-1

letter-probability matrix: alength= 4 w= 14 nsites= 536 E= 1.2e-479
  0.061567	  0.800373	  0.033582	  0.104478	
  0.011194	  0.000000	  0.944030	  0.044776	
  0.166045	  0.070896	  0.748134	  0.014925	
  0.042910	  0.848881	  0.024254	  0.083955	
  0.000000	  0.026119	  0.936567	  0.037313	
  0.080224	  0.026119	  0.884328	  0.009328	
  0.024254	  0.929104	  0.000000	  0.046642	
  0.052239	  0.000000	  0.945896	  0.001866	
  0.110075	  0.065299	  0.809701	  0.014925	
  0.033582	  0.833955	  0.048507	  0.083955	
  0.042910	  0.026119	  0.895522	  0.035448	
  0.076493	  0.072761	  0.796642	  0.054104	
  0.061567	  0.839552	  0.052239	  0.046642	
  0.100746	  0.087687	  0.776119	  0.035448	

MOTIF 2 1-GCGGCGGCGGCGGC-STREME-1

letter-probability matrix: alength= 4 w= 14 nsites= 436 E= 2.7e-002
  0.184396	  0.214779	  0.526730	  0.074095	
  0.015918	  0.958412	  0.023013	  0.002657	
  0.000057	  0.000130	  0.953053	  0.046760	
  0.054255	  0.000130	  0.945558	  0.000057	
  0.000057	  0.932379	  0.000130	  0.067434	
  0.000057	  0.018289	  0.963458	  0.018197	
  0.080395	  0.051488	  0.851434	  0.016682	
  0.019812	  0.920400	  0.013086	  0.046702	
  0.028614	  0.000130	  0.946799	  0.024456	
  0.017755	  0.044193	  0.909493	  0.028559	
  0.022550	  0.845585	  0.070101	  0.061764	
  0.076306	  0.027043	  0.862856	  0.033795	
  0.089251	  0.091808	  0.728175	  0.090767	
  0.112639	  0.730428	  0.120569	  0.036365	

MOTIF 3 6-CGGCGCCGAC-STREME-6

letter-probability matrix: alength= 4 w= 10 nsites= 54 E= 4.1e+000
  0.000436	  0.978196	  0.020932	  0.000436	
  0.276350	  0.001001	  0.620550	  0.102099	
  0.000436	  0.233143	  0.765985	  0.000436	
  0.000436	  0.978196	  0.001001	  0.020367	
  0.000436	  0.168836	  0.830292	  0.000436	
  0.000436	  0.830116	  0.169012	  0.000436	
  0.033900	  0.944731	  0.001001	  0.020367	
  0.000436	  0.037141	  0.902178	  0.060244	
  0.896482	  0.102080	  0.001001	  0.000436	
  0.020383	  0.978180	  0.001001	  0.000436	

MOTIF 4 TCSTCBTCCTCCTCC-MEME-3

letter-probability matrix: alength= 4 w= 15 nsites= 112 E= 3.2e-033
  0.080357	  0.196429	  0.026786	  0.696429	
  0.000000	  0.991071	  0.008929	  0.000000	
  0.000000	  0.580357	  0.357143	  0.062500	
  0.000000	  0.285714	  0.000000	  0.714286	
  0.008929	  0.616071	  0.116071	  0.258929	
  0.044643	  0.303571	  0.339286	  0.312500	
  0.000000	  0.205357	  0.062500	  0.732143	
  0.000000	  0.919643	  0.008929	  0.071429	
  0.071429	  0.660714	  0.098214	  0.169643	
  0.008929	  0.008929	  0.142857	  0.839286	
  0.000000	  0.857143	  0.000000	  0.142857	
  0.089286	  0.616071	  0.151786	  0.142857	
  0.035714	  0.151786	  0.000000	  0.812500	
  0.000000	  0.928571	  0.000000	  0.071429	
  0.214286	  0.491071	  0.160714	  0.133929	

MOTIF 5 STGSTGCTGSTGSTG-MEME-2

letter-probability matrix: alength= 4 w= 15 nsites= 92 E= 3.6e-031
  0.119565	  0.586957	  0.293478	  0.000000	
  0.097826	  0.097826	  0.097826	  0.706522	
  0.000000	  0.152174	  0.782609	  0.065217	
  0.021739	  0.467391	  0.467391	  0.043478	
  0.000000	  0.000000	  0.000000	  1.000000	
  0.000000	  0.000000	  0.956522	  0.043478	
  0.000000	  0.673913	  0.326087	  0.000000	
  0.065217	  0.000000	  0.032609	  0.902174	
  0.108696	  0.021739	  0.826087	  0.043478	
  0.000000	  0.456522	  0.445652	  0.097826	
  0.141304	  0.000000	  0.043478	  0.815217	
  0.010870	  0.000000	  0.945652	  0.043478	
  0.010870	  0.423913	  0.467391	  0.097826	
  0.043478	  0.250000	  0.032609	  0.673913	
  0.097826	  0.141304	  0.608696	  0.152174	

MOTIF 6 2-ACGACGVCW-STREME-2

letter-probability matrix: alength= 4 w= 9 nsites= 186 E= 7.1e-002
  0.998639	  0.000559	  0.000559	  0.000243	
  0.000243	  0.998954	  0.000559	  0.000243	
  0.027099	  0.000559	  0.891491	  0.080852	
  0.733857	  0.000559	  0.265341	  0.000243	
  0.000243	  0.987833	  0.011680	  0.000243	
  0.049368	  0.000559	  0.824679	  0.125394	
  0.288354	  0.243344	  0.357261	  0.111041	
  0.000243	  0.900713	  0.016293	  0.082750	
  0.485397	  0.013616	  0.176943	  0.324045	

