MEME version 5.5.5 (Thu Sep 14 08:48:04 2023 +1000)

ALPHABET= ACGT

strands: + -

Background letter frequencies (from file `meme_chip_maxw_15/EREB198.rep1.top1000.fa/background'):
A 0.18580 C 0.31420 G 0.31420 T 0.18580 

MOTIF 1 CGCCGCCGCCGCCGC-MEME-1

letter-probability matrix: alength= 4 w= 15 nsites= 278 E= 1.3e-216
  0.071942	  0.723022	  0.093525	  0.111511	
  0.000000	  0.089928	  0.910072	  0.000000	
  0.000000	  0.723022	  0.129496	  0.147482	
  0.032374	  0.928058	  0.025180	  0.014388	
  0.057554	  0.000000	  0.899281	  0.043165	
  0.000000	  0.719424	  0.093525	  0.187050	
  0.000000	  1.000000	  0.000000	  0.000000	
  0.035971	  0.025180	  0.938849	  0.000000	
  0.000000	  0.823741	  0.086331	  0.089928	
  0.093525	  0.830935	  0.028777	  0.046763	
  0.071942	  0.035971	  0.812950	  0.079137	
  0.007194	  0.712230	  0.082734	  0.197842	
  0.000000	  0.906475	  0.057554	  0.035971	
  0.079137	  0.125899	  0.708633	  0.086331	
  0.014388	  0.647482	  0.194245	  0.143885	

MOTIF 2 1-CGCCGCCGCCS-STREME-1

letter-probability matrix: alength= 4 w= 11 nsites= 331 E= 5.7e-003
  0.000116	  0.954404	  0.023686	  0.021794	
  0.000116	  0.184807	  0.796107	  0.018970	
  0.000116	  0.921500	  0.064031	  0.014353	
  0.015568	  0.973346	  0.010970	  0.000116	
  0.000116	  0.004843	  0.944322	  0.050719	
  0.069969	  0.819465	  0.034498	  0.076069	
  0.000116	  0.999551	  0.000217	  0.000116	
  0.001051	  0.111554	  0.775621	  0.111775	
  0.000116	  0.780356	  0.116852	  0.102676	
  0.010029	  0.880495	  0.095939	  0.013537	
  0.090258	  0.277732	  0.434914	  0.197096	

MOTIF 3 CCGCCGGCCGCCYGS-MEME-3

letter-probability matrix: alength= 4 w= 15 nsites= 114 E= 4.3e-032
  0.000000	  0.701754	  0.219298	  0.078947	
  0.087719	  0.649123	  0.210526	  0.052632	
  0.000000	  0.122807	  0.877193	  0.000000	
  0.000000	  0.824561	  0.166667	  0.008772	
  0.000000	  0.824561	  0.000000	  0.175439	
  0.105263	  0.078947	  0.807018	  0.008772	
  0.000000	  0.219298	  0.771930	  0.008772	
  0.000000	  1.000000	  0.000000	  0.000000	
  0.000000	  0.956140	  0.000000	  0.043860	
  0.000000	  0.000000	  1.000000	  0.000000	
  0.000000	  0.701754	  0.298246	  0.000000	
  0.000000	  0.947368	  0.008772	  0.043860	
  0.192982	  0.447368	  0.070175	  0.289474	
  0.000000	  0.245614	  0.570175	  0.184211	
  0.000000	  0.543860	  0.456140	  0.000000	

MOTIF 4 5-MAGGCGGSCGGSSSS-STREME-5

letter-probability matrix: alength= 4 w= 15 nsites= 91 E= 2.2e+000
  0.474717	  0.487343	  0.037630	  0.000310	
  0.568392	  0.030402	  0.215652	  0.185554	
  0.062058	  0.000581	  0.937051	  0.000310	
  0.000310	  0.012931	  0.986450	  0.000310	
  0.000310	  0.961750	  0.000581	  0.037359	
  0.049708	  0.000581	  0.949401	  0.000310	
  0.000310	  0.012931	  0.974100	  0.012659	
  0.000310	  0.630416	  0.368964	  0.000310	
  0.037359	  0.949401	  0.000581	  0.012659	
  0.321400	  0.012931	  0.653010	  0.012659	
  0.062058	  0.284622	  0.640661	  0.012659	
  0.074408	  0.519270	  0.406013	  0.000310	
  0.136156	  0.400891	  0.413240	  0.049713	
  0.025009	  0.388541	  0.573790	  0.012659	
  0.148505	  0.235224	  0.450294	  0.165977	

MOTIF 5 TWKTTTTTTWTTBWT-MEME-2

letter-probability matrix: alength= 4 w= 15 nsites= 31 E= 1.8e-029
  0.000000	  0.032258	  0.000000	  0.967742	
  0.354839	  0.000000	  0.000000	  0.645161	
  0.000000	  0.032258	  0.419355	  0.548387	
  0.258065	  0.064516	  0.032258	  0.645161	
  0.290323	  0.000000	  0.000000	  0.709677	
  0.161290	  0.000000	  0.000000	  0.838710	
  0.290323	  0.000000	  0.096774	  0.612903	
  0.000000	  0.193548	  0.000000	  0.806452	
  0.000000	  0.000000	  0.032258	  0.967742	
  0.322581	  0.161290	  0.000000	  0.516129	
  0.129032	  0.000000	  0.064516	  0.806452	
  0.129032	  0.000000	  0.000000	  0.870968	
  0.032258	  0.354839	  0.258065	  0.354839	
  0.290323	  0.161290	  0.000000	  0.548387	
  0.290323	  0.096774	  0.000000	  0.612903	

MOTIF 6 3-GGCTGCTRSCT-STREME-3

letter-probability matrix: alength= 4 w= 11 nsites= 117 E= 2.5e-001
  0.000244	  0.004493	  0.749229	  0.246034	
  0.043191	  0.117201	  0.839364	  0.000244	
  0.000244	  0.999054	  0.000458	  0.000244	
  0.108188	  0.019914	  0.204823	  0.667075	
  0.039156	  0.000458	  0.960142	  0.000244	
  0.009972	  0.989326	  0.000458	  0.000244	
  0.000244	  0.029665	  0.039377	  0.930714	
  0.444695	  0.000458	  0.482465	  0.072383	
  0.009972	  0.363282	  0.626502	  0.000244	
  0.056954	  0.630819	  0.078293	  0.233934	
  0.076410	  0.117201	  0.148474	  0.657915	

