MEME version 5.5.5 (Thu Sep 14 08:48:04 2023 +1000)

ALPHABET= ACGT

strands: + -

Background letter frequencies (from file `meme_chip_maxw_15/ZmRap27.rep2.top1000.fa/background'):
A 0.22940 C 0.27060 G 0.27060 T 0.22940 

MOTIF 1 AGTAGTAGTAGTAGT-MEME-1

letter-probability matrix: alength= 4 w= 15 nsites= 42 E= 1.7e-135
  0.928571	  0.000000	  0.047619	  0.023810	
  0.000000	  0.000000	  1.000000	  0.000000	
  0.000000	  0.000000	  0.000000	  1.000000	
  1.000000	  0.000000	  0.000000	  0.000000	
  0.023810	  0.000000	  0.928571	  0.047619	
  0.000000	  0.000000	  0.071429	  0.928571	
  1.000000	  0.000000	  0.000000	  0.000000	
  0.047619	  0.000000	  0.928571	  0.023810	
  0.000000	  0.000000	  0.023810	  0.976190	
  1.000000	  0.000000	  0.000000	  0.000000	
  0.023810	  0.000000	  0.880952	  0.095238	
  0.023810	  0.000000	  0.023810	  0.952381	
  1.000000	  0.000000	  0.000000	  0.000000	
  0.000000	  0.047619	  0.880952	  0.071429	
  0.071429	  0.023810	  0.000000	  0.904762	

MOTIF 2 ATTTCTTGGTCAAAA-MEME-3

letter-probability matrix: alength= 4 w= 15 nsites= 33 E= 6.3e-108
  1.000000	  0.000000	  0.000000	  0.000000	
  0.000000	  0.000000	  0.000000	  1.000000	
  0.000000	  0.000000	  0.000000	  1.000000	
  0.000000	  0.000000	  0.000000	  1.000000	
  0.000000	  0.878788	  0.121212	  0.000000	
  0.000000	  0.060606	  0.000000	  0.939394	
  0.030303	  0.000000	  0.000000	  0.969697	
  0.030303	  0.000000	  0.969697	  0.000000	
  0.000000	  0.000000	  1.000000	  0.000000	
  0.000000	  0.000000	  0.030303	  0.969697	
  0.000000	  0.909091	  0.030303	  0.060606	
  0.939394	  0.000000	  0.030303	  0.030303	
  0.969697	  0.030303	  0.000000	  0.000000	
  0.969697	  0.000000	  0.000000	  0.030303	
  0.909091	  0.090909	  0.000000	  0.000000	

MOTIF 3 TWTTRTYGAAAATRG-MEME-2

letter-probability matrix: alength= 4 w= 15 nsites= 32 E= 1.3e-089
  0.000000	  0.000000	  0.000000	  1.000000	
  0.593750	  0.000000	  0.000000	  0.406250	
  0.000000	  0.000000	  0.000000	  1.000000	
  0.000000	  0.000000	  0.000000	  1.000000	
  0.531250	  0.000000	  0.406250	  0.062500	
  0.000000	  0.062500	  0.000000	  0.937500	
  0.000000	  0.406250	  0.000000	  0.593750	
  0.000000	  0.000000	  1.000000	  0.000000	
  1.000000	  0.000000	  0.000000	  0.000000	
  1.000000	  0.000000	  0.000000	  0.000000	
  1.000000	  0.000000	  0.000000	  0.000000	
  1.000000	  0.000000	  0.000000	  0.000000	
  0.000000	  0.000000	  0.000000	  1.000000	
  0.406250	  0.000000	  0.593750	  0.000000	
  0.000000	  0.000000	  1.000000	  0.000000	

MOTIF 4 4-GACGACGA-STREME-4

letter-probability matrix: alength= 4 w= 8 nsites= 199 E= 8.8e-001
  0.014641	  0.004991	  0.973670	  0.006698	
  0.930718	  0.005862	  0.028946	  0.034473	
  0.099529	  0.748274	  0.122471	  0.029727	
  0.085923	  0.167165	  0.732307	  0.014605	
  0.912806	  0.026357	  0.032844	  0.027992	
  0.202623	  0.577386	  0.158279	  0.061713	
  0.031363	  0.021816	  0.944685	  0.002137	
  0.961235	  0.005962	  0.019667	  0.013136	

MOTIF 5 5-AGCCATGAAYG-STREME-5

letter-probability matrix: alength= 4 w= 11 nsites= 45 E= 3.0e+000
  0.997602	  0.000845	  0.000845	  0.000709	
  0.000709	  0.000845	  0.694494	  0.303952	
  0.000709	  0.997737	  0.000845	  0.000709	
  0.022247	  0.976199	  0.000845	  0.000709	
  0.997602	  0.000845	  0.000845	  0.000709	
  0.303952	  0.000845	  0.000845	  0.694359	
  0.000709	  0.000845	  0.997737	  0.000709	
  0.976063	  0.022383	  0.000845	  0.000709	
  0.976063	  0.000845	  0.000845	  0.022247	
  0.043803	  0.478920	  0.000845	  0.476432	
  0.000709	  0.000845	  0.976199	  0.022247	

