MEME version 5.5.5 (Thu Sep 14 08:48:04 2023 +1000)

ALPHABET= ACGT

strands: + -

Background letter frequencies (from file `meme_chip_maxw_15/ZmRap27.rep1.top1000.fa/background'):
A 0.22930 C 0.27070 G 0.27070 T 0.22930 

MOTIF 1 TAGTAGTAGTAGT-MEME-3

letter-probability matrix: alength= 4 w= 13 nsites= 36 E= 1.9e-095
  0.000000	  0.055556	  0.000000	  0.944444	
  0.972222	  0.000000	  0.000000	  0.027778	
  0.000000	  0.000000	  0.972222	  0.027778	
  0.000000	  0.000000	  0.000000	  1.000000	
  1.000000	  0.000000	  0.000000	  0.000000	
  0.000000	  0.000000	  0.972222	  0.027778	
  0.000000	  0.000000	  0.000000	  1.000000	
  1.000000	  0.000000	  0.000000	  0.000000	
  0.000000	  0.027778	  0.944444	  0.027778	
  0.000000	  0.055556	  0.000000	  0.944444	
  1.000000	  0.000000	  0.000000	  0.000000	
  0.000000	  0.000000	  0.972222	  0.027778	
  0.000000	  0.000000	  0.000000	  1.000000	

MOTIF 2 TAGTAGTAGTAG-MEME-1

letter-probability matrix: alength= 4 w= 12 nsites= 58 E= 3.0e-085
  0.000000	  0.120690	  0.034483	  0.844828	
  1.000000	  0.000000	  0.000000	  0.000000	
  0.000000	  0.068966	  0.931034	  0.000000	
  0.000000	  0.155172	  0.068966	  0.775862	
  1.000000	  0.000000	  0.000000	  0.000000	
  0.017241	  0.000000	  0.982759	  0.000000	
  0.000000	  0.103448	  0.017241	  0.879310	
  0.965517	  0.000000	  0.034483	  0.000000	
  0.000000	  0.034483	  0.948276	  0.017241	
  0.000000	  0.103448	  0.034483	  0.862069	
  1.000000	  0.000000	  0.000000	  0.000000	
  0.051724	  0.086207	  0.827586	  0.034483	

MOTIF 3 TAGTAGTAGTAG-MEME-2

letter-probability matrix: alength= 4 w= 12 nsites= 34 E= 3.8e-083
  0.000000	  0.000000	  0.000000	  1.000000	
  1.000000	  0.000000	  0.000000	  0.000000	
  0.000000	  0.000000	  1.000000	  0.000000	
  0.000000	  0.000000	  0.000000	  1.000000	
  1.000000	  0.000000	  0.000000	  0.000000	
  0.000000	  0.029412	  0.970588	  0.000000	
  0.000000	  0.000000	  0.000000	  1.000000	
  1.000000	  0.000000	  0.000000	  0.000000	
  0.000000	  0.000000	  1.000000	  0.000000	
  0.000000	  0.000000	  0.000000	  1.000000	
  1.000000	  0.000000	  0.000000	  0.000000	
  0.000000	  0.000000	  1.000000	  0.000000	

MOTIF 4 3-CGTACG-STREME-3

letter-probability matrix: alength= 4 w= 6 nsites= 162 E= 1.2e-001
  0.020709	  0.933836	  0.024746	  0.020709	
  0.020709	  0.024746	  0.933836	  0.020709	
  0.020709	  0.024746	  0.024746	  0.929800	
  0.929800	  0.024746	  0.024746	  0.020709	
  0.020709	  0.933836	  0.024746	  0.020709	
  0.020709	  0.024746	  0.933836	  0.020709	

