MEME version 5.5.5 (Thu Sep 14 08:48:04 2023 +1000)

ALPHABET= ACGT

strands: + -

Background letter frequencies (from file `meme_chip_analysis/new_analysis/meme_chip_analysis/new_analysis/EREB211_max_8/background'):
A 0.19650 C 0.30350 G 0.30350 T 0.19650 

MOTIF 1 1-CGCCGCCG-STREME-1

letter-probability matrix: alength= 4 w= 8 nsites= 517 E= 5.6e-005
  0.018813	  0.899939	  0.056368	  0.024880	
  0.004124	  0.046191	  0.930846	  0.018839	
  0.045721	  0.866556	  0.075350	  0.012373	
  0.042875	  0.949576	  0.006533	  0.001015	
  0.004062	  0.061101	  0.920995	  0.013842	
  0.019165	  0.922025	  0.000687	  0.058123	
  0.015126	  0.934791	  0.003997	  0.046087	
  0.035680	  0.176316	  0.748410	  0.039594	

MOTIF 2 RAP2.6-RAP2.6

letter-probability matrix: alength= 4 w= 8 nsites= 20 E= 0.0e+000
  0.035306	  0.271062	  0.679022	  0.014609	
  0.027943	  0.954644	  0.008475	  0.008938	
  0.008042	  0.003799	  0.985490	  0.002669	
  0.002470	  0.891151	  0.104505	  0.001873	
  0.012819	  0.981607	  0.003500	  0.002072	
  0.005057	  0.004694	  0.986585	  0.003664	
  0.020677	  0.943505	  0.015141	  0.020677	
  0.066848	  0.918226	  0.003998	  0.010928	

MOTIF 3 RRTF1-RRTF1

letter-probability matrix: alength= 4 w= 8 nsites= 20 E= 0.0e+000
  0.039290	  0.287210	  0.659387	  0.014113	
  0.050629	  0.932555	  0.009470	  0.007346	
  0.004062	  0.006087	  0.985689	  0.004162	
  0.003664	  0.823998	  0.169172	  0.003167	
  0.013714	  0.978425	  0.003998	  0.003863	
  0.004958	  0.014046	  0.975044	  0.005953	
  0.038984	  0.859136	  0.014842	  0.087038	
  0.206529	  0.770787	  0.003998	  0.018687	

MOTIF 4 RAP2.3-RAP2.3

letter-probability matrix: alength= 4 w= 8 nsites= 20 E= 0.0e+000
  0.118988	  0.231858	  0.541410	  0.107744	
  0.147246	  0.759122	  0.034644	  0.058988	
  0.007545	  0.007978	  0.978823	  0.005654	
  0.006848	  0.744296	  0.244097	  0.004759	
  0.017296	  0.973649	  0.005291	  0.003764	
  0.006749	  0.004296	  0.973152	  0.015804	
  0.109236	  0.777828	  0.027082	  0.085853	
  0.256924	  0.662272	  0.007083	  0.073721	

MOTIF 5 GCCGCCGC-MEME-1

letter-probability matrix: alength= 4 w= 8 nsites= 570 E= 9.1e-174
  0.000000	  0.156140	  0.843860	  0.000000	
  0.000000	  0.712281	  0.287719	  0.000000	
  0.108772	  0.891228	  0.000000	  0.000000	
  0.000000	  0.000000	  1.000000	  0.000000	
  0.000000	  0.896491	  0.000000	  0.103509	
  0.115789	  0.884211	  0.000000	  0.000000	
  0.000000	  0.000000	  1.000000	  0.000000	
  0.000000	  0.871930	  0.000000	  0.128070	

MOTIF 6 ORA47_2-ORA47_2

letter-probability matrix: alength= 4 w= 8 nsites= 20 E= 0.0e+000
  0.095406	  0.130963	  0.726286	  0.047346	
  0.015703	  0.928283	  0.010564	  0.045451	
  0.068234	  0.007877	  0.917538	  0.006350	
  0.005356	  0.959122	  0.030863	  0.004659	
  0.014011	  0.972656	  0.009768	  0.003565	
  0.012122	  0.003500	  0.971460	  0.012918	
  0.249734	  0.648774	  0.049371	  0.052122	
  0.041077	  0.923400	  0.009868	  0.025654	

MOTIF 7 DEAR4_2-DEAR4_2

letter-probability matrix: alength= 4 w= 8 nsites= 20 E= 0.0e+000
  0.033515	  0.128376	  0.754346	  0.083764	
  0.022669	  0.938724	  0.015440	  0.023167	
  0.116998	  0.006485	  0.868774	  0.007744	
  0.006650	  0.908964	  0.079130	  0.005256	
  0.005057	  0.977231	  0.010366	  0.007346	
  0.010132	  0.008376	  0.948774	  0.032719	
  0.008837	  0.835357	  0.086178	  0.069627	
  0.033910	  0.856449	  0.017229	  0.092411	

MOTIF 8 ATERF1-ATERF1

letter-probability matrix: alength= 4 w= 8 nsites= 20 E= 0.0e+000
  0.043565	  0.146386	  0.707878	  0.102172	
  0.186749	  0.600913	  0.147580	  0.064759	
  0.032324	  0.019124	  0.929961	  0.018592	
  0.040576	  0.482258	  0.376895	  0.100271	
  0.058988	  0.845291	  0.051560	  0.044162	
  0.065455	  0.093251	  0.731858	  0.109435	
  0.079485	  0.513948	  0.346983	  0.059585	
  0.066450	  0.797928	  0.097828	  0.037794	

MOTIF 9 DEAR3-DEAR3

letter-probability matrix: alength= 4 w= 8 nsites= 20 E= 0.0e+000
  0.148157	  0.784773	  0.025492	  0.041579	
  0.334211	  0.016037	  0.631858	  0.017893	
  0.028142	  0.885789	  0.059022	  0.027047	
  0.039788	  0.930558	  0.020616	  0.009038	
  0.066251	  0.044793	  0.862107	  0.026848	
  0.319453	  0.522652	  0.056728	  0.101167	
  0.070132	  0.824993	  0.069669	  0.035207	
  0.100580	  0.416435	  0.329072	  0.153913	

MOTIF 10 ERF1-ERF1

letter-probability matrix: alength= 4 w= 8 nsites= 20 E= 0.0e+000
  0.417752	  0.540063	  0.028273	  0.013912	
  0.008342	  0.007979	  0.977727	  0.005954	
  0.005853	  0.973152	  0.010366	  0.010629	
  0.037595	  0.952853	  0.004595	  0.004958	
  0.017298	  0.003102	  0.970960	  0.008640	
  0.023666	  0.918318	  0.018726	  0.039290	
  0.010430	  0.973351	  0.006585	  0.009634	
  0.581475	  0.053052	  0.243301	  0.122172	

MOTIF 11 RRTF1_3ary-RRTF1_3ary

letter-probability matrix: alength= 4 w= 8 nsites= 20 E= 0.0e+000
  0.053117	  0.916137	  0.019520	  0.011226	
  0.003565	  0.005192	  0.985591	  0.005654	
  0.005256	  0.964296	  0.026684	  0.003764	
  0.019587	  0.969069	  0.004097	  0.007247	
  0.009435	  0.009868	  0.975142	  0.005555	
  0.063067	  0.808475	  0.015042	  0.113415	
  0.171010	  0.763722	  0.005789	  0.059479	
  0.806370	  0.041406	  0.078019	  0.074205	

MOTIF 12 RAP2.3_2-RAP2.3_2

letter-probability matrix: alength= 4 w= 8 nsites= 20 E= 0.0e+000
  0.340978	  0.564296	  0.037629	  0.057097	
  0.004759	  0.004893	  0.985192	  0.005157	
  0.005555	  0.956734	  0.029172	  0.008540	
  0.010728	  0.973850	  0.010564	  0.004858	
  0.006648	  0.015141	  0.968976	  0.009235	
  0.024858	  0.863201	  0.031361	  0.080580	
  0.280253	  0.667314	  0.006683	  0.045750	
  0.620343	  0.071467	  0.108785	  0.199405	

MOTIF 13 RRTF1_2-RRTF1_2

letter-probability matrix: alength= 4 w= 8 nsites= 20 E= 0.0e+000
  0.099595	  0.864482	  0.022905	  0.013018	
  0.004361	  0.007580	  0.983600	  0.004460	
  0.005654	  0.970966	  0.018025	  0.005356	
  0.013614	  0.977032	  0.005291	  0.004062	
  0.005157	  0.006783	  0.981412	  0.006648	
  0.028639	  0.904794	  0.019122	  0.047445	
  0.443011	  0.541265	  0.005192	  0.010531	
  0.899187	  0.019918	  0.028674	  0.052221	

MOTIF 14 DREB2C-DREB2C

letter-probability matrix: alength= 4 w= 8 nsites= 20 E= 0.0e+000
  0.027946	  0.016935	  0.927971	  0.027150	
  0.005455	  0.956730	  0.006486	  0.031329	
  0.006750	  0.048580	  0.939514	  0.005157	
  0.022472	  0.005888	  0.968671	  0.002968	
  0.002968	  0.968671	  0.005888	  0.022472	
  0.005157	  0.939514	  0.048580	  0.006750	
  0.031329	  0.006486	  0.956730	  0.005455	
  0.027150	  0.927971	  0.016935	  0.027946	

MOTIF 15 RAP2.3_3ary-RAP2.3_3ary

letter-probability matrix: alength= 4 w= 8 nsites= 20 E= 0.0e+000
  0.207246	  0.700913	  0.029769	  0.062072	
  0.005754	  0.003400	  0.986286	  0.004560	
  0.003266	  0.971856	  0.013849	  0.011028	
  0.082271	  0.911460	  0.003201	  0.003067	
  0.007644	  0.229172	  0.756137	  0.007047	
  0.157197	  0.696535	  0.041510	  0.104759	
  0.078391	  0.900714	  0.003201	  0.017694	
  0.725654	  0.037729	  0.061311	  0.175306	

MOTIF 16 AAARWAAA-MEME-2

letter-probability matrix: alength= 4 w= 8 nsites= 134 E= 1.1e-042
  1.000000	  0.000000	  0.000000	  0.000000	
  0.828358	  0.000000	  0.000000	  0.171642	
  0.858209	  0.000000	  0.000000	  0.141791	
  0.485075	  0.000000	  0.514925	  0.000000	
  0.514925	  0.186567	  0.029851	  0.268657	
  1.000000	  0.000000	  0.000000	  0.000000	
  1.000000	  0.000000	  0.000000	  0.000000	
  0.679104	  0.000000	  0.320896	  0.000000	

MOTIF 17 RAP2.6_2-RAP2.6_2

letter-probability matrix: alength= 4 w= 8 nsites= 20 E= 0.0e+000
  0.560978	  0.058923	  0.290565	  0.089535	
  0.053316	  0.005789	  0.932057	  0.008838	
  0.016796	  0.942808	  0.018722	  0.021672	
  0.013017	  0.932853	  0.046087	  0.008042	
  0.033216	  0.006485	  0.951361	  0.008938	
  0.052420	  0.771659	  0.072157	  0.103764	
  0.489287	  0.455693	  0.014942	  0.040078	
  0.673284	  0.152271	  0.013252	  0.161193	

MOTIF 18 ATERF1_2-ATERF1_2

letter-probability matrix: alength= 4 w= 8 nsites= 20 E= 0.0e+000
  0.140679	  0.148177	  0.116634	  0.594510	
  0.044659	  0.003998	  0.938525	  0.012818	
  0.029830	  0.895251	  0.060907	  0.014011	
  0.010331	  0.942306	  0.008575	  0.038789	
  0.038789	  0.008575	  0.942306	  0.010331	
  0.014011	  0.060907	  0.895251	  0.029830	
  0.012818	  0.938525	  0.003998	  0.044659	
  0.594510	  0.116634	  0.148177	  0.140679	

MOTIF 19 RAP2.6_3ary-RAP2.6_3ary

letter-probability matrix: alength= 4 w= 8 nsites= 20 E= 0.0e+000
  0.687943	  0.095739	  0.080515	  0.135803	
  0.134410	  0.025590	  0.130465	  0.709535	
  0.142371	  0.009868	  0.713351	  0.134410	
  0.677694	  0.081112	  0.070863	  0.170331	
  0.011226	  0.972057	  0.005192	  0.011525	
  0.004062	  0.009868	  0.957032	  0.029037	
  0.011424	  0.011559	  0.965493	  0.011524	
  0.007843	  0.958724	  0.004495	  0.028938	

MOTIF 20 DREB2C_2-DREB2C_2

letter-probability matrix: alength= 4 w= 8 nsites= 20 E= 0.0e+000
  0.110132	  0.754346	  0.121808	  0.013714	
  0.805754	  0.004893	  0.185689	  0.003664	
  0.005157	  0.981408	  0.004495	  0.008939	
  0.008341	  0.982206	  0.004694	  0.004759	
  0.009237	  0.004893	  0.980811	  0.005057	
  0.772840	  0.159006	  0.048271	  0.019881	
  0.006251	  0.973948	  0.006286	  0.013515	
  0.803266	  0.051560	  0.028077	  0.117097	

MOTIF 21 ORA47-ORA47

letter-probability matrix: alength= 4 w= 8 nsites= 20 E= 0.0e+000
  0.579087	  0.002306	  0.411759	  0.006848	
  0.002172	  0.989371	  0.003699	  0.004759	
  0.007346	  0.986983	  0.003400	  0.002271	
  0.003366	  0.003201	  0.990066	  0.003366	
  0.715676	  0.009770	  0.066392	  0.208163	
  0.003764	  0.987978	  0.002505	  0.005754	
  0.044464	  0.940011	  0.002405	  0.013118	
  0.732693	  0.011859	  0.070970	  0.184478	

MOTIF 22 TCGTCGTC-MEME-3

letter-probability matrix: alength= 4 w= 8 nsites= 26 E= 3.9e+004
  0.000000	  0.000000	  0.000000	  1.000000	
  0.000000	  1.000000	  0.000000	  0.000000	
  0.000000	  0.000000	  1.000000	  0.000000	
  0.000000	  0.000000	  0.000000	  1.000000	
  0.000000	  1.000000	  0.000000	  0.000000	
  0.000000	  0.000000	  1.000000	  0.000000	
  0.000000	  0.000000	  0.000000	  1.000000	
  0.000000	  1.000000	  0.000000	  0.000000	

MOTIF 23 3-CAGCMGCA-STREME-3

letter-probability matrix: alength= 4 w= 8 nsites= 112 E= 1.1e+000
  0.000553	  0.997976	  0.000919	  0.000553	
  0.997609	  0.000919	  0.000919	  0.000553	
  0.168209	  0.261013	  0.562681	  0.008097	
  0.000553	  0.714691	  0.284203	  0.000553	
  0.583719	  0.414810	  0.000919	  0.000553	
  0.000553	  0.000919	  0.997976	  0.000553	
  0.000553	  0.997976	  0.000919	  0.000553	
  0.997609	  0.000919	  0.000919	  0.000553	

