MEME version 5.5.5 (Thu Sep 14 08:48:04 2023 +1000)

ALPHABET= ACGT

strands: + -

Background letter frequencies (from file `meme_chip_analysis/new_analysis/meme_chip_analysis/new_analysis/EREB17_max_8/background'):
A 0.16140 C 0.33860 G 0.33860 T 0.16140 

MOTIF 1 DEAR4_2-DEAR4_2

letter-probability matrix: alength= 4 w= 8 nsites= 20 E= 0.0e+000
  0.033340	  0.128550	  0.754520	  0.083589	
  0.022495	  0.938899	  0.015615	  0.022992	
  0.116823	  0.006660	  0.868948	  0.007569	
  0.006476	  0.909138	  0.079304	  0.005082	
  0.004883	  0.977406	  0.010540	  0.007171	
  0.009957	  0.008550	  0.948948	  0.032544	
  0.008663	  0.835531	  0.086352	  0.069453	
  0.033735	  0.856624	  0.017404	  0.092237	

MOTIF 2 1-CCGCCGCC-STREME-1

letter-probability matrix: alength= 4 w= 8 nsites= 710 E= 1.1e-003
  0.000240	  0.893842	  0.053138	  0.052779	
  0.039486	  0.843825	  0.000561	  0.116128	
  0.265666	  0.067840	  0.666254	  0.000240	
  0.049950	  0.933330	  0.000561	  0.016159	
  0.000240	  0.976036	  0.000561	  0.023163	
  0.000240	  0.132276	  0.797935	  0.069549	
  0.016484	  0.982716	  0.000561	  0.000240	
  0.000240	  0.991722	  0.000561	  0.007477	

MOTIF 3 ORA47_2-ORA47_2

letter-probability matrix: alength= 4 w= 8 nsites= 20 E= 0.0e+000
  0.095231	  0.131137	  0.726461	  0.047171	
  0.015528	  0.928458	  0.010738	  0.045277	
  0.068060	  0.008052	  0.917712	  0.006175	
  0.005181	  0.959297	  0.031038	  0.004485	
  0.013837	  0.972831	  0.009942	  0.003390	
  0.011947	  0.003675	  0.971635	  0.012743	
  0.249559	  0.648948	  0.049545	  0.051947	
  0.040903	  0.923575	  0.010043	  0.025480	

MOTIF 4 RAP2.6-RAP2.6

letter-probability matrix: alength= 4 w= 8 nsites= 20 E= 0.0e+000
  0.035131	  0.271237	  0.679197	  0.014435	
  0.027768	  0.954819	  0.008650	  0.008763	
  0.007868	  0.003973	  0.985665	  0.002495	
  0.002296	  0.891325	  0.104680	  0.001699	
  0.012645	  0.981782	  0.003675	  0.001898	
  0.004883	  0.004869	  0.986759	  0.003490	
  0.020502	  0.943680	  0.015315	  0.020502	
  0.066674	  0.918401	  0.004172	  0.010753	

MOTIF 5 ERF1-ERF1

letter-probability matrix: alength= 4 w= 8 nsites= 20 E= 0.0e+000
  0.417577	  0.540238	  0.028448	  0.013737	
  0.008167	  0.008153	  0.977901	  0.005779	
  0.005679	  0.973326	  0.010540	  0.010455	
  0.037420	  0.953028	  0.004769	  0.004783	
  0.017123	  0.003277	  0.971134	  0.008466	
  0.023491	  0.918493	  0.018901	  0.039115	
  0.010256	  0.973525	  0.006759	  0.009460	
  0.581300	  0.053227	  0.243476	  0.121997	

MOTIF 6 DEAR3-DEAR3

letter-probability matrix: alength= 4 w= 8 nsites= 20 E= 0.0e+000
  0.147982	  0.784947	  0.025667	  0.041404	
  0.334037	  0.016212	  0.632033	  0.017718	
  0.027967	  0.885963	  0.059197	  0.026873	
  0.039613	  0.930732	  0.020791	  0.008864	
  0.066077	  0.044968	  0.862282	  0.026674	
  0.319279	  0.522827	  0.056903	  0.100992	
  0.069957	  0.825167	  0.069844	  0.035032	
  0.100405	  0.416610	  0.329247	  0.153738	

MOTIF 7 RRTF1_3ary-RRTF1_3ary

letter-probability matrix: alength= 4 w= 8 nsites= 20 E= 0.0e+000
  0.052942	  0.916311	  0.019695	  0.011052	
  0.003390	  0.005366	  0.985765	  0.005480	
  0.005082	  0.964471	  0.026859	  0.003589	
  0.019412	  0.969244	  0.004272	  0.007073	
  0.009261	  0.010043	  0.975316	  0.005380	
  0.062893	  0.808650	  0.015217	  0.113241	
  0.170836	  0.763897	  0.005963	  0.059305	
  0.806195	  0.041581	  0.078194	  0.074030	

MOTIF 8 GGCGGYGG-MEME-1

letter-probability matrix: alength= 4 w= 8 nsites= 348 E= 1.0e-073
  0.000000	  0.000000	  1.000000	  0.000000	
  0.000000	  0.000000	  1.000000	  0.000000	
  0.000000	  0.787356	  0.045977	  0.166667	
  0.000000	  0.000000	  1.000000	  0.000000	
  0.000000	  0.000000	  1.000000	  0.000000	
  0.000000	  0.574713	  0.000000	  0.425287	
  0.000000	  0.000000	  1.000000	  0.000000	
  0.000000	  0.000000	  1.000000	  0.000000	

MOTIF 9 ATERF1-ATERF1

letter-probability matrix: alength= 4 w= 8 nsites= 20 E= 0.0e+000
  0.043390	  0.146560	  0.708053	  0.101997	
  0.186574	  0.601088	  0.147754	  0.064584	
  0.032149	  0.019298	  0.930135	  0.018417	
  0.040401	  0.482433	  0.377070	  0.100097	
  0.058813	  0.845466	  0.051734	  0.043987	
  0.065281	  0.093426	  0.732033	  0.109261	
  0.079310	  0.514122	  0.347157	  0.059410	
  0.066276	  0.798102	  0.098003	  0.037619	

MOTIF 10 RRTF1-RRTF1

letter-probability matrix: alength= 4 w= 8 nsites= 20 E= 0.0e+000
  0.039115	  0.287385	  0.659561	  0.013938	
  0.050455	  0.932729	  0.009645	  0.007171	
  0.003888	  0.006262	  0.985864	  0.003987	
  0.003490	  0.824172	  0.169346	  0.002992	
  0.013539	  0.978600	  0.004172	  0.003689	
  0.004783	  0.014221	  0.975219	  0.005778	
  0.038809	  0.859310	  0.015017	  0.086864	
  0.206354	  0.770961	  0.004172	  0.018512	

MOTIF 11 RAP2.3-RAP2.3

letter-probability matrix: alength= 4 w= 8 nsites= 20 E= 0.0e+000
  0.118813	  0.232033	  0.541585	  0.107569	
  0.147072	  0.759297	  0.034819	  0.058813	
  0.007370	  0.008152	  0.978998	  0.005480	
  0.006674	  0.744471	  0.244272	  0.004584	
  0.017121	  0.973824	  0.005466	  0.003589	
  0.006574	  0.004471	  0.973326	  0.015629	
  0.109062	  0.778003	  0.027257	  0.085679	
  0.256749	  0.662447	  0.007258	  0.073546	

MOTIF 12 RAP2.3_2-RAP2.3_2

letter-probability matrix: alength= 4 w= 8 nsites= 20 E= 0.0e+000
  0.340803	  0.564471	  0.037804	  0.056922	
  0.004584	  0.005068	  0.985366	  0.004982	
  0.005380	  0.956908	  0.029346	  0.008365	
  0.010553	  0.974025	  0.010738	  0.004684	
  0.006474	  0.015315	  0.969150	  0.009061	
  0.024684	  0.863376	  0.031535	  0.080405	
  0.280079	  0.667489	  0.006858	  0.045575	
  0.620168	  0.071642	  0.108959	  0.199231	

MOTIF 13 RRTF1_2-RRTF1_2

letter-probability matrix: alength= 4 w= 8 nsites= 20 E= 0.0e+000
  0.099420	  0.864657	  0.023080	  0.012844	
  0.004186	  0.007754	  0.983774	  0.004286	
  0.005480	  0.971140	  0.018200	  0.005181	
  0.013440	  0.977207	  0.005466	  0.003888	
  0.004982	  0.006957	  0.981587	  0.006474	
  0.028465	  0.904968	  0.019297	  0.047271	
  0.442837	  0.541440	  0.005366	  0.010356	
  0.899012	  0.020092	  0.028849	  0.052047	

MOTIF 14 DREB2C-DREB2C

letter-probability matrix: alength= 4 w= 8 nsites= 20 E= 0.0e+000
  0.027771	  0.017109	  0.928145	  0.026975	
  0.005281	  0.956904	  0.006661	  0.031154	
  0.006575	  0.048754	  0.939689	  0.004982	
  0.022298	  0.006063	  0.968846	  0.002793	
  0.002793	  0.968846	  0.006063	  0.022298	
  0.004982	  0.939689	  0.048754	  0.006575	
  0.031154	  0.006661	  0.956904	  0.005281	
  0.026975	  0.928145	  0.017109	  0.027771	

MOTIF 15 RAP2.3_3ary-RAP2.3_3ary

letter-probability matrix: alength= 4 w= 8 nsites= 20 E= 0.0e+000
  0.207072	  0.701088	  0.029943	  0.061898	
  0.005579	  0.003575	  0.986461	  0.004385	
  0.003092	  0.972031	  0.014024	  0.010854	
  0.082097	  0.911635	  0.003376	  0.002893	
  0.007470	  0.229346	  0.756311	  0.006873	
  0.157022	  0.696709	  0.041685	  0.104584	
  0.078216	  0.900889	  0.003376	  0.017519	
  0.725480	  0.037903	  0.061486	  0.175131	

MOTIF 16 GCCGSCCR-MEME-3

letter-probability matrix: alength= 4 w= 8 nsites= 494 E= 2.2e-004
  0.269231	  0.000000	  0.730769	  0.000000	
  0.000000	  1.000000	  0.000000	  0.000000	
  0.000000	  1.000000	  0.000000	  0.000000	
  0.000000	  0.000000	  1.000000	  0.000000	
  0.145749	  0.338057	  0.366397	  0.149798	
  0.000000	  1.000000	  0.000000	  0.000000	
  0.000000	  1.000000	  0.000000	  0.000000	
  0.439271	  0.002024	  0.558704	  0.000000	

MOTIF 17 ATERF1_2-ATERF1_2

letter-probability matrix: alength= 4 w= 8 nsites= 20 E= 0.0e+000
  0.140504	  0.148351	  0.116809	  0.594335	
  0.044485	  0.004172	  0.938700	  0.012644	
  0.029656	  0.895426	  0.061082	  0.013837	
  0.010156	  0.942481	  0.008749	  0.038614	
  0.038614	  0.008749	  0.942481	  0.010156	
  0.013837	  0.061082	  0.895426	  0.029656	
  0.012644	  0.938700	  0.004172	  0.044485	
  0.594335	  0.116809	  0.148351	  0.140504	

MOTIF 18 DREB2C_2-DREB2C_2

letter-probability matrix: alength= 4 w= 8 nsites= 20 E= 0.0e+000
  0.109957	  0.754520	  0.121983	  0.013539	
  0.805579	  0.005068	  0.185864	  0.003490	
  0.004982	  0.981583	  0.004670	  0.008764	
  0.008166	  0.982381	  0.004869	  0.004584	
  0.009063	  0.005068	  0.980986	  0.004883	
  0.772666	  0.159181	  0.048446	  0.019706	
  0.006077	  0.974122	  0.006461	  0.013340	
  0.803092	  0.051734	  0.028252	  0.116922	

MOTIF 19 RAP2.6_2-RAP2.6_2

letter-probability matrix: alength= 4 w= 8 nsites= 20 E= 0.0e+000
  0.560803	  0.059097	  0.290739	  0.089360	
  0.053141	  0.005963	  0.932232	  0.008664	
  0.016622	  0.942983	  0.018897	  0.021497	
  0.012843	  0.933028	  0.046262	  0.007868	
  0.033042	  0.006660	  0.951535	  0.008763	
  0.052246	  0.771834	  0.072331	  0.103589	
  0.489112	  0.455868	  0.015116	  0.039904	
  0.673109	  0.152446	  0.013427	  0.161018	

MOTIF 20 TTTWDTTW-MEME-2

letter-probability matrix: alength= 4 w= 8 nsites= 73 E= 1.2e-009
  0.232877	  0.000000	  0.000000	  0.767123	
  0.000000	  0.000000	  0.000000	  1.000000	
  0.191781	  0.000000	  0.000000	  0.808219	
  0.219178	  0.191781	  0.178082	  0.410959	
  0.301370	  0.000000	  0.232877	  0.465753	
  0.000000	  0.000000	  0.000000	  1.000000	
  0.123288	  0.000000	  0.000000	  0.876712	
  0.534247	  0.000000	  0.000000	  0.465753	

MOTIF 21 RAP2.6_3ary-RAP2.6_3ary

letter-probability matrix: alength= 4 w= 8 nsites= 20 E= 0.0e+000
  0.687768	  0.095913	  0.080690	  0.135629	
  0.134236	  0.025764	  0.130640	  0.709360	
  0.142196	  0.010043	  0.713525	  0.134236	
  0.677519	  0.081287	  0.071038	  0.170156	
  0.011052	  0.972232	  0.005366	  0.011350	
  0.003888	  0.010043	  0.957207	  0.028863	
  0.011250	  0.011733	  0.965668	  0.011349	
  0.007669	  0.958899	  0.004670	  0.028763	

MOTIF 22 DEAR4-DEAR4

letter-probability matrix: alength= 4 w= 8 nsites= 20 E= 0.0e+000
  0.022795	  0.952427	  0.012631	  0.012147	
  0.791848	  0.002083	  0.202879	  0.003191	
  0.003092	  0.989943	  0.003973	  0.002992	
  0.018912	  0.977207	  0.002282	  0.001599	
  0.002097	  0.004570	  0.989446	  0.003888	
  0.980803	  0.007854	  0.002580	  0.008763	
  0.004584	  0.983875	  0.002083	  0.009459	
  0.844883	  0.122879	  0.013824	  0.018415	

MOTIF 23 ORA47-ORA47

letter-probability matrix: alength= 4 w= 8 nsites= 20 E= 0.0e+000
  0.578912	  0.002481	  0.411933	  0.006674	
  0.001997	  0.989545	  0.003874	  0.004584	
  0.007171	  0.987157	  0.003575	  0.002097	
  0.003191	  0.003376	  0.990241	  0.003191	
  0.715501	  0.009944	  0.066567	  0.207988	
  0.003589	  0.988152	  0.002680	  0.005579	
  0.044290	  0.940186	  0.002580	  0.012943	
  0.732518	  0.012034	  0.071144	  0.184303	

MOTIF 24 At1g77200-At1g77200

letter-probability matrix: alength= 4 w= 8 nsites= 20 E= 0.0e+000
  0.080505	  0.753028	  0.041585	  0.124883	
  0.743216	  0.002978	  0.252008	  0.001798	
  0.002694	  0.989446	  0.002779	  0.005082	
  0.003490	  0.990043	  0.002879	  0.003589	
  0.004485	  0.002978	  0.989646	  0.002893	
  0.984684	  0.004073	  0.002978	  0.008266	
  0.002992	  0.988850	  0.002680	  0.005480	
  0.884286	  0.004172	  0.102182	  0.009360	

MOTIF 25 2-CGCCGTC-STREME-2

letter-probability matrix: alength= 4 w= 7 nsites= 194 E= 1.9e-001
  0.000717	  0.996891	  0.001674	  0.000717	
  0.000717	  0.181522	  0.804307	  0.013454	
  0.000717	  0.996891	  0.001674	  0.000717	
  0.076457	  0.756106	  0.001674	  0.165763	
  0.000717	  0.159445	  0.790909	  0.048928	
  0.000717	  0.001674	  0.001674	  0.995935	
  0.000717	  0.996891	  0.001674	  0.000717	

