MEME version 5.5.5 (Thu Sep 14 08:48:04 2023 +1000)

ALPHABET= ACGT

strands: + -

Background letter frequencies (from file `meme_chip_analysis/new_analysis/meme_chip_analysis/new_analysis/EREB34_max_8/background'):
A 0.18790 C 0.31210 G 0.31210 T 0.18790 

MOTIF 1 GCCGSCCG-MEME-1

letter-probability matrix: alength= 4 w= 8 nsites= 476 E= 4.4e-129
  0.000000	  0.006303	  0.993697	  0.000000	
  0.000000	  1.000000	  0.000000	  0.000000	
  0.000000	  1.000000	  0.000000	  0.000000	
  0.000000	  0.000000	  1.000000	  0.000000	
  0.044118	  0.329832	  0.478992	  0.147059	
  0.000000	  1.000000	  0.000000	  0.000000	
  0.000000	  1.000000	  0.000000	  0.000000	
  0.250000	  0.157563	  0.592437	  0.000000	

MOTIF 2 2-GCCGKCCA-STREME-2

letter-probability matrix: alength= 4 w= 8 nsites= 568 E= 3.1e-002
  0.013932	  0.008932	  0.976918	  0.000218	
  0.000218	  0.994900	  0.004073	  0.000809	
  0.013204	  0.984627	  0.001952	  0.000218	
  0.068558	  0.021752	  0.833669	  0.076022	
  0.049781	  0.216849	  0.449033	  0.284337	
  0.000218	  0.988826	  0.005364	  0.005593	
  0.001258	  0.969516	  0.015157	  0.014068	
  0.584212	  0.124262	  0.169821	  0.121704	

MOTIF 3 ATERF1_2-ATERF1_2

letter-probability matrix: alength= 4 w= 8 nsites= 20 E= 0.0e+000
  0.140636	  0.148219	  0.116677	  0.594467	
  0.044616	  0.004040	  0.938568	  0.012776	
  0.029788	  0.895294	  0.060950	  0.013969	
  0.010288	  0.942349	  0.008617	  0.038746	
  0.038746	  0.008617	  0.942349	  0.010288	
  0.013969	  0.060950	  0.895294	  0.029788	
  0.012776	  0.938568	  0.004040	  0.044616	
  0.594467	  0.116677	  0.148219	  0.140636	

MOTIF 4 GCGGCGGC-MEME-2

letter-probability matrix: alength= 4 w= 8 nsites= 238 E= 1.6e-024
  0.000000	  0.000000	  0.894958	  0.105042	
  0.000000	  1.000000	  0.000000	  0.000000	
  0.000000	  0.000000	  1.000000	  0.000000	
  0.113445	  0.000000	  0.886555	  0.000000	
  0.000000	  1.000000	  0.000000	  0.000000	
  0.063025	  0.000000	  0.936975	  0.000000	
  0.075630	  0.000000	  0.924370	  0.000000	
  0.000000	  0.894958	  0.105042	  0.000000	

MOTIF 5 ATERF1-ATERF1

letter-probability matrix: alength= 4 w= 8 nsites= 20 E= 0.0e+000
  0.043522	  0.146428	  0.707921	  0.102129	
  0.186706	  0.600956	  0.147622	  0.064716	
  0.032281	  0.019167	  0.930003	  0.018549	
  0.040533	  0.482301	  0.376938	  0.100228	
  0.058945	  0.845334	  0.051603	  0.044119	
  0.065412	  0.093294	  0.731901	  0.109393	
  0.079442	  0.513991	  0.347025	  0.059542	
  0.066407	  0.797971	  0.097871	  0.037751	

MOTIF 6 DREB2C-DREB2C

letter-probability matrix: alength= 4 w= 8 nsites= 20 E= 0.0e+000
  0.027903	  0.016978	  0.928013	  0.027107	
  0.005412	  0.956773	  0.006529	  0.031286	
  0.006707	  0.048622	  0.939557	  0.005114	
  0.022429	  0.005931	  0.968714	  0.002925	
  0.002925	  0.968714	  0.005931	  0.022429	
  0.005114	  0.939557	  0.048622	  0.006707	
  0.031286	  0.006529	  0.956773	  0.005412	
  0.027107	  0.928013	  0.016978	  0.027903	

MOTIF 7 4-CGCCGCC-STREME-4

letter-probability matrix: alength= 4 w= 7 nsites= 157 E= 2.6e-001
  0.016046	  0.938500	  0.029409	  0.016046	
  0.016046	  0.029409	  0.938500	  0.016046	
  0.016046	  0.938500	  0.029409	  0.016046	
  0.016046	  0.938500	  0.029409	  0.016046	
  0.016046	  0.029409	  0.938500	  0.016046	
  0.016046	  0.938500	  0.029409	  0.016046	
  0.016046	  0.938500	  0.029409	  0.016046	

MOTIF 8 RAP2.6-RAP2.6

letter-probability matrix: alength= 4 w= 8 nsites= 20 E= 0.0e+000
  0.035263	  0.271105	  0.679065	  0.014567	
  0.027900	  0.954687	  0.008518	  0.008895	
  0.007999	  0.003841	  0.985533	  0.002626	
  0.002427	  0.891194	  0.104548	  0.001830	
  0.012777	  0.981650	  0.003543	  0.002029	
  0.005014	  0.004737	  0.986627	  0.003621	
  0.020634	  0.943548	  0.015184	  0.020634	
  0.066806	  0.918269	  0.004040	  0.010885	

MOTIF 9 DEAR3-DEAR3

letter-probability matrix: alength= 4 w= 8 nsites= 20 E= 0.0e+000
  0.148114	  0.784815	  0.025535	  0.041536	
  0.334169	  0.016080	  0.631901	  0.017850	
  0.028099	  0.885831	  0.059065	  0.027005	
  0.039745	  0.930600	  0.020659	  0.008996	
  0.066209	  0.044836	  0.862150	  0.026805	
  0.319410	  0.522695	  0.056771	  0.101124	
  0.070089	  0.825035	  0.069712	  0.035164	
  0.100537	  0.416478	  0.329115	  0.153870	

MOTIF 10 ORA47_2-ORA47_2

letter-probability matrix: alength= 4 w= 8 nsites= 20 E= 0.0e+000
  0.095363	  0.131005	  0.726329	  0.047303	
  0.015660	  0.928326	  0.010606	  0.045408	
  0.068192	  0.007920	  0.917581	  0.006307	
  0.005313	  0.959165	  0.030906	  0.004616	
  0.013969	  0.972699	  0.009810	  0.003522	
  0.012079	  0.003543	  0.971503	  0.012875	
  0.249691	  0.648816	  0.049413	  0.052079	
  0.041034	  0.923443	  0.009911	  0.025611	

MOTIF 11 ORA47-ORA47

letter-probability matrix: alength= 4 w= 8 nsites= 20 E= 0.0e+000
  0.579044	  0.002349	  0.411801	  0.006805	
  0.002129	  0.989413	  0.003742	  0.004716	
  0.007303	  0.987025	  0.003443	  0.002228	
  0.003323	  0.003244	  0.990109	  0.003323	
  0.715633	  0.009812	  0.066435	  0.208120	
  0.003721	  0.988020	  0.002548	  0.005711	
  0.044421	  0.940054	  0.002448	  0.013075	
  0.732650	  0.011902	  0.071012	  0.184435	

MOTIF 12 RAP2.3-RAP2.3

letter-probability matrix: alength= 4 w= 8 nsites= 20 E= 0.0e+000
  0.118945	  0.231901	  0.541453	  0.107701	
  0.147203	  0.759165	  0.034687	  0.058945	
  0.007502	  0.008020	  0.978866	  0.005611	
  0.006805	  0.744339	  0.244140	  0.004716	
  0.017253	  0.973692	  0.005334	  0.003721	
  0.006706	  0.004339	  0.973195	  0.015761	
  0.109194	  0.777871	  0.027125	  0.085810	
  0.256881	  0.662315	  0.007126	  0.073678	

MOTIF 13 DEAR4_2-DEAR4_2

letter-probability matrix: alength= 4 w= 8 nsites= 20 E= 0.0e+000
  0.033472	  0.128418	  0.754389	  0.083721	
  0.022626	  0.938767	  0.015483	  0.023124	
  0.116955	  0.006528	  0.868816	  0.007701	
  0.006607	  0.909006	  0.079173	  0.005213	
  0.005014	  0.977274	  0.010408	  0.007303	
  0.010089	  0.008418	  0.948816	  0.032676	
  0.008795	  0.835400	  0.086220	  0.069585	
  0.033867	  0.856492	  0.017272	  0.092369	

MOTIF 14 RRTF1-RRTF1

letter-probability matrix: alength= 4 w= 8 nsites= 20 E= 0.0e+000
  0.039247	  0.287253	  0.659429	  0.014070	
  0.050587	  0.932598	  0.009513	  0.007303	
  0.004019	  0.006130	  0.985732	  0.004119	
  0.003621	  0.824040	  0.169214	  0.003124	
  0.013671	  0.978468	  0.004040	  0.003820	
  0.004915	  0.014089	  0.975087	  0.005910	
  0.038941	  0.859179	  0.014885	  0.086996	
  0.206486	  0.770829	  0.004040	  0.018644	

MOTIF 15 ERF1-ERF1

letter-probability matrix: alength= 4 w= 8 nsites= 20 E= 0.0e+000
  0.417709	  0.540106	  0.028316	  0.013869	
  0.008299	  0.008021	  0.977770	  0.005911	
  0.005810	  0.973195	  0.010408	  0.010587	
  0.037552	  0.952896	  0.004637	  0.004915	
  0.017255	  0.003145	  0.971002	  0.008598	
  0.023623	  0.918361	  0.018769	  0.039247	
  0.010388	  0.973394	  0.006627	  0.009592	
  0.581432	  0.053095	  0.243344	  0.122129	

MOTIF 16 RAP2.3_2-RAP2.3_2

letter-probability matrix: alength= 4 w= 8 nsites= 20 E= 0.0e+000
  0.340935	  0.564339	  0.037672	  0.057054	
  0.004716	  0.004936	  0.985234	  0.005114	
  0.005512	  0.956777	  0.029214	  0.008497	
  0.010685	  0.973893	  0.010606	  0.004815	
  0.006605	  0.015184	  0.969018	  0.009193	
  0.024815	  0.863244	  0.031404	  0.080537	
  0.280210	  0.667357	  0.006726	  0.045707	
  0.620300	  0.071510	  0.108827	  0.199363	

MOTIF 17 RRTF1_3ary-RRTF1_3ary

letter-probability matrix: alength= 4 w= 8 nsites= 20 E= 0.0e+000
  0.053074	  0.916180	  0.019563	  0.011184	
  0.003522	  0.005234	  0.985633	  0.005611	
  0.005213	  0.964339	  0.026727	  0.003721	
  0.019544	  0.969112	  0.004140	  0.007204	
  0.009393	  0.009911	  0.975185	  0.005512	
  0.063024	  0.808518	  0.015085	  0.113373	
  0.170968	  0.763765	  0.005831	  0.059436	
  0.806327	  0.041449	  0.078062	  0.074162	

MOTIF 18 RAP2.6_3ary-RAP2.6_3ary

letter-probability matrix: alength= 4 w= 8 nsites= 20 E= 0.0e+000
  0.687900	  0.095782	  0.080558	  0.135761	
  0.134368	  0.025632	  0.130508	  0.709492	
  0.142328	  0.009911	  0.713394	  0.134368	
  0.677651	  0.081155	  0.070906	  0.170288	
  0.011184	  0.972100	  0.005234	  0.011482	
  0.004019	  0.009911	  0.957075	  0.028994	
  0.011382	  0.011602	  0.965536	  0.011481	
  0.007801	  0.958767	  0.004538	  0.028895	

MOTIF 19 RRTF1_2-RRTF1_2

letter-probability matrix: alength= 4 w= 8 nsites= 20 E= 0.0e+000
  0.099552	  0.864525	  0.022948	  0.012976	
  0.004318	  0.007622	  0.983642	  0.004417	
  0.005611	  0.971008	  0.018068	  0.005313	
  0.013572	  0.977075	  0.005334	  0.004019	
  0.005114	  0.006825	  0.981455	  0.006605	
  0.028597	  0.904836	  0.019165	  0.047403	
  0.442969	  0.541308	  0.005234	  0.010488	
  0.899144	  0.019961	  0.028717	  0.052179	

MOTIF 20 RAP2.3_3ary-RAP2.3_3ary

letter-probability matrix: alength= 4 w= 8 nsites= 20 E= 0.0e+000
  0.207203	  0.700956	  0.029811	  0.062029	
  0.005711	  0.003443	  0.986329	  0.004517	
  0.003223	  0.971899	  0.013892	  0.010986	
  0.082228	  0.911503	  0.003244	  0.003024	
  0.007601	  0.229214	  0.756180	  0.007004	
  0.157154	  0.696578	  0.041553	  0.104716	
  0.078348	  0.900757	  0.003244	  0.017651	
  0.725611	  0.037772	  0.061354	  0.175263	

MOTIF 21 RAP2.6_2-RAP2.6_2

letter-probability matrix: alength= 4 w= 8 nsites= 20 E= 0.0e+000
  0.560935	  0.058966	  0.290607	  0.089492	
  0.053273	  0.005831	  0.932100	  0.008796	
  0.016754	  0.942851	  0.018765	  0.021629	
  0.012975	  0.932896	  0.046130	  0.007999	
  0.033174	  0.006528	  0.951403	  0.008895	
  0.052378	  0.771702	  0.072199	  0.103721	
  0.489244	  0.455736	  0.014985	  0.040035	
  0.673241	  0.152314	  0.013295	  0.161150	

MOTIF 22 DEAR4-DEAR4

letter-probability matrix: alength= 4 w= 8 nsites= 20 E= 0.0e+000
  0.022927	  0.952295	  0.012499	  0.012279	
  0.791980	  0.001951	  0.202747	  0.003323	
  0.003223	  0.989811	  0.003841	  0.003124	
  0.019044	  0.977075	  0.002150	  0.001731	
  0.002228	  0.004438	  0.989314	  0.004019	
  0.980935	  0.007722	  0.002448	  0.008895	
  0.004716	  0.983743	  0.001951	  0.009591	
  0.845014	  0.122747	  0.013692	  0.018547	

MOTIF 23 GGCAGGCA-MEME-3

letter-probability matrix: alength= 4 w= 8 nsites= 106 E= 2.7e+003
  0.000000	  0.000000	  0.839623	  0.160377	
  0.000000	  0.000000	  1.000000	  0.000000	
  0.000000	  0.915094	  0.084906	  0.000000	
  1.000000	  0.000000	  0.000000	  0.000000	
  0.000000	  0.000000	  0.679245	  0.320755	
  0.000000	  0.000000	  1.000000	  0.000000	
  0.000000	  0.830189	  0.169811	  0.000000	
  1.000000	  0.000000	  0.000000	  0.000000	

MOTIF 24 DREB2C_2-DREB2C_2

letter-probability matrix: alength= 4 w= 8 nsites= 20 E= 0.0e+000
  0.110089	  0.754389	  0.121851	  0.013671	
  0.805711	  0.004936	  0.185732	  0.003621	
  0.005114	  0.981451	  0.004538	  0.008896	
  0.008298	  0.982249	  0.004737	  0.004716	
  0.009195	  0.004936	  0.980854	  0.005014	
  0.772798	  0.159049	  0.048314	  0.019838	
  0.006208	  0.973991	  0.006329	  0.013472	
  0.803223	  0.051603	  0.028120	  0.117054	

MOTIF 25 1-AAGWAA-STREME-1

letter-probability matrix: alength= 4 w= 6 nsites= 482 E= 1.2e-002
  0.964835	  0.000858	  0.022590	  0.011716	
  0.945989	  0.000858	  0.052685	  0.000468	
  0.002946	  0.046724	  0.646704	  0.303625	
  0.477635	  0.119062	  0.141418	  0.261885	
  0.933317	  0.039392	  0.014160	  0.013130	
  0.905156	  0.044972	  0.040210	  0.009663	

