MEME version 5.5.5 (Thu Sep 14 08:48:04 2023 +1000)

ALPHABET= ACGT

strands: + -

Background letter frequencies (from file `meme_chip_analysis/new_analysis/meme_chip_analysis/new_analysis/EREB198_max_8/background'):
A 0.18110 C 0.31890 G 0.31890 T 0.18110 

MOTIF 1 CGGCGGCG-MEME-1

letter-probability matrix: alength= 4 w= 8 nsites= 722 E= 7.5e-297
  0.096953	  0.601108	  0.155125	  0.146814	
  0.000000	  0.000000	  1.000000	  0.000000	
  0.080332	  0.000000	  0.919668	  0.000000	
  0.000000	  1.000000	  0.000000	  0.000000	
  0.000000	  0.000000	  1.000000	  0.000000	
  0.020776	  0.000000	  0.979224	  0.000000	
  0.000000	  1.000000	  0.000000	  0.000000	
  0.000000	  0.149584	  0.721607	  0.128809	

MOTIF 2 1-GGCGGCGR-STREME-1

letter-probability matrix: alength= 4 w= 8 nsites= 564 E= 2.9e-005
  0.001937	  0.002737	  0.986943	  0.008384	
  0.039434	  0.009471	  0.947103	  0.003993	
  0.006337	  0.976090	  0.011612	  0.005961	
  0.000689	  0.000693	  0.993874	  0.004745	
  0.009482	  0.002778	  0.987256	  0.000483	
  0.008384	  0.971565	  0.018316	  0.001735	
  0.015637	  0.009802	  0.867294	  0.107267	
  0.387988	  0.153319	  0.392234	  0.066459	

MOTIF 3 ERF1-ERF1

letter-probability matrix: alength= 4 w= 8 nsites= 20 E= 0.0e+000
  0.417675	  0.540140	  0.028350	  0.013835	
  0.008265	  0.008055	  0.977803	  0.005877	
  0.005777	  0.973228	  0.010442	  0.010553	
  0.037518	  0.952930	  0.004671	  0.004881	
  0.017221	  0.003179	  0.971036	  0.008564	
  0.023590	  0.918395	  0.018802	  0.039213	
  0.010354	  0.973427	  0.006661	  0.009558	
  0.581399	  0.053129	  0.243378	  0.122095	

MOTIF 4 RAP2.6-RAP2.6

letter-probability matrix: alength= 4 w= 8 nsites= 20 E= 0.0e+000
  0.035229	  0.271139	  0.679099	  0.014533	
  0.027866	  0.954721	  0.008552	  0.008861	
  0.007966	  0.003875	  0.985567	  0.002593	
  0.002394	  0.891227	  0.104582	  0.001797	
  0.012743	  0.981684	  0.003577	  0.001996	
  0.004981	  0.004771	  0.986661	  0.003588	
  0.020601	  0.943582	  0.015217	  0.020601	
  0.066772	  0.918303	  0.004074	  0.010851	

MOTIF 5 DEAR4_2-DEAR4_2

letter-probability matrix: alength= 4 w= 8 nsites= 20 E= 0.0e+000
  0.033438	  0.128452	  0.754422	  0.083687	
  0.022593	  0.938800	  0.015517	  0.023090	
  0.116921	  0.006562	  0.868850	  0.007667	
  0.006574	  0.909040	  0.079206	  0.005180	
  0.004981	  0.977308	  0.010442	  0.007269	
  0.010055	  0.008452	  0.948850	  0.032642	
  0.008761	  0.835433	  0.086254	  0.069551	
  0.033833	  0.856526	  0.017306	  0.092335	

MOTIF 6 RRTF1_3ary-RRTF1_3ary

letter-probability matrix: alength= 4 w= 8 nsites= 20 E= 0.0e+000
  0.053040	  0.916213	  0.019596	  0.011150	
  0.003488	  0.005268	  0.985667	  0.005578	
  0.005180	  0.964373	  0.026761	  0.003687	
  0.019510	  0.969146	  0.004174	  0.007171	
  0.009359	  0.009945	  0.975218	  0.005478	
  0.062991	  0.808552	  0.015119	  0.113339	
  0.170934	  0.763799	  0.005865	  0.059402	
  0.806293	  0.041483	  0.078096	  0.074128	

MOTIF 7 ATERF1-ATERF1

letter-probability matrix: alength= 4 w= 8 nsites= 20 E= 0.0e+000
  0.043488	  0.146462	  0.707955	  0.102095	
  0.186672	  0.600990	  0.147656	  0.064682	
  0.032247	  0.019200	  0.930037	  0.018515	
  0.040499	  0.482335	  0.376972	  0.100195	
  0.058911	  0.845368	  0.051636	  0.044085	
  0.065379	  0.093328	  0.731935	  0.109359	
  0.079409	  0.514024	  0.347059	  0.059508	
  0.066374	  0.798004	  0.097905	  0.037717	

MOTIF 8 RAP2.3_2-RAP2.3_2

letter-probability matrix: alength= 4 w= 8 nsites= 20 E= 0.0e+000
  0.340901	  0.564373	  0.037706	  0.057020	
  0.004682	  0.004970	  0.985268	  0.005080	
  0.005478	  0.956810	  0.029248	  0.008463	
  0.010651	  0.973927	  0.010640	  0.004782	
  0.006572	  0.015217	  0.969052	  0.009159	
  0.024782	  0.863278	  0.031437	  0.080503	
  0.280177	  0.667391	  0.006760	  0.045673	
  0.620266	  0.071544	  0.108861	  0.199329	

MOTIF 9 RAP2.3-RAP2.3

letter-probability matrix: alength= 4 w= 8 nsites= 20 E= 0.0e+000
  0.118911	  0.231935	  0.541487	  0.107667	
  0.147170	  0.759199	  0.034721	  0.058911	
  0.007468	  0.008054	  0.978900	  0.005578	
  0.006772	  0.744373	  0.244174	  0.004682	
  0.017219	  0.973726	  0.005368	  0.003687	
  0.006672	  0.004373	  0.973228	  0.015727	
  0.109160	  0.777905	  0.027159	  0.085777	
  0.256847	  0.662349	  0.007160	  0.073644	

MOTIF 10 RRTF1-RRTF1

letter-probability matrix: alength= 4 w= 8 nsites= 20 E= 0.0e+000
  0.039213	  0.287287	  0.659463	  0.014036	
  0.050553	  0.932631	  0.009547	  0.007269	
  0.003986	  0.006164	  0.985766	  0.004085	
  0.003588	  0.824074	  0.169248	  0.003090	
  0.013637	  0.978502	  0.004074	  0.003787	
  0.004881	  0.014123	  0.975121	  0.005876	
  0.038907	  0.859212	  0.014919	  0.086962	
  0.206452	  0.770863	  0.004074	  0.018610	

MOTIF 11 ORA47_2-ORA47_2

letter-probability matrix: alength= 4 w= 8 nsites= 20 E= 0.0e+000
  0.095329	  0.131039	  0.726363	  0.047269	
  0.015626	  0.928360	  0.010640	  0.045375	
  0.068158	  0.007954	  0.917614	  0.006273	
  0.005279	  0.959199	  0.030940	  0.004583	
  0.013935	  0.972733	  0.009844	  0.003488	
  0.012045	  0.003577	  0.971537	  0.012841	
  0.249657	  0.648850	  0.049447	  0.052045	
  0.041001	  0.923477	  0.009945	  0.025578	

MOTIF 12 DEAR3-DEAR3

letter-probability matrix: alength= 4 w= 8 nsites= 20 E= 0.0e+000
  0.148080	  0.784849	  0.025569	  0.041502	
  0.334135	  0.016114	  0.631935	  0.017816	
  0.028065	  0.885865	  0.059099	  0.026971	
  0.039711	  0.930634	  0.020693	  0.008962	
  0.066175	  0.044870	  0.862184	  0.026772	
  0.319377	  0.522729	  0.056805	  0.101090	
  0.070055	  0.825069	  0.069746	  0.035130	
  0.100503	  0.416512	  0.329149	  0.153836	

MOTIF 13 RAP2.3_3ary-RAP2.3_3ary

letter-probability matrix: alength= 4 w= 8 nsites= 20 E= 0.0e+000
  0.207170	  0.700990	  0.029845	  0.061996	
  0.005677	  0.003477	  0.986363	  0.004483	
  0.003190	  0.971933	  0.013926	  0.010952	
  0.082195	  0.911537	  0.003278	  0.002991	
  0.007568	  0.229248	  0.756213	  0.006971	
  0.157120	  0.696611	  0.041587	  0.104682	
  0.078314	  0.900791	  0.003278	  0.017617	
  0.725578	  0.037805	  0.061388	  0.175229	

MOTIF 14 RRTF1_2-RRTF1_2

letter-probability matrix: alength= 4 w= 8 nsites= 20 E= 0.0e+000
  0.099518	  0.864559	  0.022982	  0.012942	
  0.004284	  0.007656	  0.983676	  0.004384	
  0.005578	  0.971042	  0.018102	  0.005279	
  0.013538	  0.977109	  0.005368	  0.003986	
  0.005080	  0.006859	  0.981489	  0.006572	
  0.028563	  0.904870	  0.019199	  0.047369	
  0.442935	  0.541342	  0.005268	  0.010454	
  0.899110	  0.019994	  0.028751	  0.052145	

MOTIF 15 DREB2C-DREB2C

letter-probability matrix: alength= 4 w= 8 nsites= 20 E= 0.0e+000
  0.027869	  0.017011	  0.928047	  0.027073	
  0.005379	  0.956806	  0.006563	  0.031252	
  0.006673	  0.048656	  0.939591	  0.005080	
  0.022395	  0.005965	  0.968748	  0.002891	
  0.002891	  0.968748	  0.005965	  0.022395	
  0.005080	  0.939591	  0.048656	  0.006673	
  0.031252	  0.006563	  0.956806	  0.005379	
  0.027073	  0.928047	  0.017011	  0.027869	

MOTIF 16 RAP2.6_2-RAP2.6_2

letter-probability matrix: alength= 4 w= 8 nsites= 20 E= 0.0e+000
  0.560901	  0.059000	  0.290641	  0.089458	
  0.053239	  0.005865	  0.932134	  0.008762	
  0.016720	  0.942885	  0.018798	  0.021596	
  0.012941	  0.932930	  0.046164	  0.007966	
  0.033140	  0.006562	  0.951437	  0.008861	
  0.052344	  0.771736	  0.072233	  0.103687	
  0.489210	  0.455770	  0.015018	  0.040002	
  0.673207	  0.152348	  0.013329	  0.161116	

MOTIF 17 ATERF1_2-ATERF1_2

letter-probability matrix: alength= 4 w= 8 nsites= 20 E= 0.0e+000
  0.140602	  0.148253	  0.116711	  0.594433	
  0.044583	  0.004074	  0.938601	  0.012742	
  0.029754	  0.895328	  0.060984	  0.013935	
  0.010254	  0.942383	  0.008651	  0.038712	
  0.038712	  0.008651	  0.942383	  0.010254	
  0.013935	  0.060984	  0.895328	  0.029754	
  0.012742	  0.938601	  0.004074	  0.044583	
  0.594433	  0.116711	  0.148253	  0.140602	

MOTIF 18 DREB2C_2-DREB2C_2

letter-probability matrix: alength= 4 w= 8 nsites= 20 E= 0.0e+000
  0.110055	  0.754422	  0.121885	  0.013637	
  0.805677	  0.004970	  0.185766	  0.003588	
  0.005080	  0.981485	  0.004572	  0.008862	
  0.008264	  0.982283	  0.004771	  0.004682	
  0.009161	  0.004970	  0.980888	  0.004981	
  0.772764	  0.159083	  0.048348	  0.019804	
  0.006175	  0.974024	  0.006363	  0.013438	
  0.803190	  0.051636	  0.028154	  0.117020	

MOTIF 19 RAP2.6_3ary-RAP2.6_3ary

letter-probability matrix: alength= 4 w= 8 nsites= 20 E= 0.0e+000
  0.687866	  0.095815	  0.080591	  0.135727	
  0.134334	  0.025666	  0.130542	  0.709458	
  0.142294	  0.009945	  0.713427	  0.134334	
  0.677617	  0.081189	  0.070940	  0.170254	
  0.011150	  0.972134	  0.005268	  0.011448	
  0.003986	  0.009945	  0.957109	  0.028961	
  0.011348	  0.011635	  0.965570	  0.011447	
  0.007767	  0.958800	  0.004572	  0.028861	

MOTIF 20 WTTTATTT-MEME-2

letter-probability matrix: alength= 4 w= 8 nsites= 49 E= 1.2e-003
  0.591837	  0.061224	  0.000000	  0.346939	
  0.000000	  0.000000	  0.122449	  0.877551	
  0.000000	  0.000000	  0.000000	  1.000000	
  0.306122	  0.000000	  0.000000	  0.693878	
  0.734694	  0.000000	  0.000000	  0.265306	
  0.000000	  0.000000	  0.000000	  1.000000	
  0.000000	  0.000000	  0.000000	  1.000000	
  0.163265	  0.000000	  0.183673	  0.653061	

