MEME version 5.5.5 (Thu Sep 14 08:48:04 2023 +1000)

ALPHABET= ACGT

strands: + -

Background letter frequencies (from file `meme_chip_analysis/new_analysis/meme_chip_analysis/new_analysis/EREB102_max_8/background'):
A 0.19820 C 0.30180 G 0.30180 T 0.19820 

MOTIF 1 GCGGCGGC-MEME-2

letter-probability matrix: alength= 4 w= 8 nsites= 481 E= 1.1e-072
  0.033264	  0.164241	  0.802495	  0.000000	
  0.000000	  0.933472	  0.022869	  0.043659	
  0.000000	  0.002079	  0.997921	  0.000000	
  0.093555	  0.000000	  0.906445	  0.000000	
  0.000000	  1.000000	  0.000000	  0.000000	
  0.000000	  0.000000	  0.975052	  0.024948	
  0.027027	  0.241164	  0.731809	  0.000000	
  0.000000	  0.800416	  0.199584	  0.000000	

MOTIF 2 ERF1-ERF1

letter-probability matrix: alength= 4 w= 8 nsites= 20 E= 0.0e+000
  0.417760	  0.540055	  0.028265	  0.013920	
  0.008350	  0.007970	  0.977718	  0.005962	
  0.005862	  0.973143	  0.010357	  0.010638	
  0.037603	  0.952845	  0.004586	  0.004966	
  0.017306	  0.003094	  0.970951	  0.008649	
  0.023675	  0.918309	  0.018717	  0.039299	
  0.010439	  0.973342	  0.006576	  0.009643	
  0.581484	  0.053044	  0.243293	  0.122180	

MOTIF 3 3-GCCGCCGC-STREME-3

letter-probability matrix: alength= 4 w= 8 nsites= 371 E= 1.7e-001
  0.033249	  0.062003	  0.903324	  0.001424	
  0.002347	  0.830736	  0.121076	  0.045841	
  0.048498	  0.933261	  0.000706	  0.017534	
  0.000424	  0.010088	  0.987880	  0.001608	
  0.000701	  0.938205	  0.000706	  0.060387	
  0.032675	  0.958358	  0.000706	  0.008261	
  0.000424	  0.009048	  0.948684	  0.041844	
  0.019100	  0.875613	  0.073806	  0.031480	

MOTIF 4 ATERF1-ATERF1

letter-probability matrix: alength= 4 w= 8 nsites= 20 E= 0.0e+000
  0.043573	  0.146377	  0.707870	  0.102180	
  0.186757	  0.600904	  0.147571	  0.064767	
  0.032332	  0.019115	  0.929952	  0.018600	
  0.040584	  0.482250	  0.376887	  0.100280	
  0.058996	  0.845283	  0.051551	  0.044170	
  0.065464	  0.093243	  0.731850	  0.109444	
  0.079493	  0.513939	  0.346974	  0.059593	
  0.066459	  0.797919	  0.097820	  0.037802	

MOTIF 5 RAP2.3_2-RAP2.3_2

letter-probability matrix: alength= 4 w= 8 nsites= 20 E= 0.0e+000
  0.340986	  0.564288	  0.037621	  0.057105	
  0.004767	  0.004885	  0.985183	  0.005165	
  0.005563	  0.956725	  0.029163	  0.008548	
  0.010736	  0.973842	  0.010555	  0.004867	
  0.006657	  0.015132	  0.968967	  0.009244	
  0.024867	  0.863193	  0.031352	  0.080588	
  0.280262	  0.667305	  0.006675	  0.045758	
  0.620351	  0.071459	  0.108776	  0.199414	

MOTIF 6 RAP2.6-RAP2.6

letter-probability matrix: alength= 4 w= 8 nsites= 20 E= 0.0e+000
  0.035314	  0.271054	  0.679014	  0.014618	
  0.027951	  0.954636	  0.008467	  0.008946	
  0.008051	  0.003790	  0.985482	  0.002678	
  0.002479	  0.891142	  0.104497	  0.001882	
  0.012828	  0.981599	  0.003492	  0.002081	
  0.005066	  0.004686	  0.986576	  0.003673	
  0.020686	  0.943497	  0.015132	  0.020686	
  0.066857	  0.918218	  0.003989	  0.010936	

MOTIF 7 RAP2.3-RAP2.3

letter-probability matrix: alength= 4 w= 8 nsites= 20 E= 0.0e+000
  0.118996	  0.231850	  0.541402	  0.107752	
  0.147255	  0.759113	  0.034636	  0.058996	
  0.007553	  0.007969	  0.978815	  0.005663	
  0.006857	  0.744288	  0.244089	  0.004767	
  0.017305	  0.973641	  0.005283	  0.003772	
  0.006757	  0.004288	  0.973143	  0.015812	
  0.109245	  0.777820	  0.027074	  0.085862	
  0.256932	  0.662264	  0.007075	  0.073729	

MOTIF 8 RRTF1_3ary-RRTF1_3ary

letter-probability matrix: alength= 4 w= 8 nsites= 20 E= 0.0e+000
  0.053125	  0.916128	  0.019511	  0.011235	
  0.003573	  0.005183	  0.985582	  0.005663	
  0.005265	  0.964288	  0.026676	  0.003772	
  0.019595	  0.969061	  0.004089	  0.007256	
  0.009444	  0.009860	  0.975133	  0.005563	
  0.063076	  0.808467	  0.015034	  0.113424	
  0.171019	  0.763713	  0.005780	  0.059488	
  0.806378	  0.041398	  0.078011	  0.074213	

MOTIF 9 DEAR4_2-DEAR4_2

letter-probability matrix: alength= 4 w= 8 nsites= 20 E= 0.0e+000
  0.033523	  0.128367	  0.754337	  0.083772	
  0.022678	  0.938715	  0.015432	  0.023175	
  0.117006	  0.006477	  0.868765	  0.007752	
  0.006659	  0.908955	  0.079121	  0.005265	
  0.005066	  0.977223	  0.010357	  0.007354	
  0.010140	  0.008367	  0.948765	  0.032727	
  0.008846	  0.835348	  0.086169	  0.069636	
  0.033918	  0.856441	  0.017221	  0.092420	

MOTIF 10 DEAR3-DEAR3

letter-probability matrix: alength= 4 w= 8 nsites= 20 E= 0.0e+000
  0.148165	  0.784764	  0.025484	  0.041587	
  0.334220	  0.016029	  0.631850	  0.017902	
  0.028150	  0.885780	  0.059014	  0.027056	
  0.039796	  0.930549	  0.020608	  0.009047	
  0.066260	  0.044785	  0.862099	  0.026857	
  0.319462	  0.522644	  0.056719	  0.101175	
  0.070140	  0.824984	  0.069661	  0.035215	
  0.100588	  0.416427	  0.329064	  0.153921	

MOTIF 11 ORA47_2-ORA47_2

letter-probability matrix: alength= 4 w= 8 nsites= 20 E= 0.0e+000
  0.095414	  0.130954	  0.726278	  0.047354	
  0.015711	  0.928275	  0.010555	  0.045460	
  0.068243	  0.007869	  0.917529	  0.006358	
  0.005364	  0.959113	  0.030855	  0.004668	
  0.014020	  0.972648	  0.009759	  0.003573	
  0.012130	  0.003492	  0.971452	  0.012926	
  0.249742	  0.648765	  0.049362	  0.052130	
  0.041086	  0.923392	  0.009860	  0.025663	

MOTIF 12 RRTF1-RRTF1

letter-probability matrix: alength= 4 w= 8 nsites= 20 E= 0.0e+000
  0.039299	  0.287202	  0.659378	  0.014121	
  0.050638	  0.932546	  0.009462	  0.007354	
  0.004071	  0.006079	  0.985681	  0.004170	
  0.003673	  0.823989	  0.169163	  0.003175	
  0.013722	  0.978417	  0.003989	  0.003872	
  0.004966	  0.014038	  0.975036	  0.005961	
  0.038992	  0.859127	  0.014834	  0.087047	
  0.206537	  0.770778	  0.003989	  0.018696	

MOTIF 13 RRTF1_2-RRTF1_2

letter-probability matrix: alength= 4 w= 8 nsites= 20 E= 0.0e+000
  0.099603	  0.864474	  0.022897	  0.013027	
  0.004369	  0.007571	  0.983591	  0.004469	
  0.005663	  0.970957	  0.018017	  0.005364	
  0.013623	  0.977024	  0.005283	  0.004071	
  0.005165	  0.006774	  0.981404	  0.006657	
  0.028648	  0.904785	  0.019113	  0.047454	
  0.443020	  0.541257	  0.005183	  0.010539	
  0.899195	  0.019910	  0.028666	  0.052230	

MOTIF 14 RAP2.3_3ary-RAP2.3_3ary

letter-probability matrix: alength= 4 w= 8 nsites= 20 E= 0.0e+000
  0.207255	  0.700904	  0.029760	  0.062081	
  0.005762	  0.003392	  0.986278	  0.004568	
  0.003275	  0.971848	  0.013841	  0.011037	
  0.082280	  0.911452	  0.003193	  0.003076	
  0.007653	  0.229163	  0.756128	  0.007056	
  0.157205	  0.696526	  0.041501	  0.104767	
  0.078399	  0.900705	  0.003193	  0.017702	
  0.725663	  0.037720	  0.061303	  0.175314	

MOTIF 15 DREB2C-DREB2C

letter-probability matrix: alength= 4 w= 8 nsites= 20 E= 0.0e+000
  0.027954	  0.016926	  0.927962	  0.027158	
  0.005464	  0.956721	  0.006478	  0.031337	
  0.006758	  0.048571	  0.939505	  0.005165	
  0.022481	  0.005880	  0.968663	  0.002976	
  0.002976	  0.968663	  0.005880	  0.022481	
  0.005165	  0.939505	  0.048571	  0.006758	
  0.031337	  0.006478	  0.956721	  0.005464	
  0.027158	  0.927962	  0.016926	  0.027954	

MOTIF 16 YGGTTTTG-MEME-1

letter-probability matrix: alength= 4 w= 8 nsites= 348 E= 6.8e-080
  0.000000	  0.422414	  0.000000	  0.577586	
  0.005747	  0.000000	  0.899425	  0.094828	
  0.000000	  0.000000	  1.000000	  0.000000	
  0.135057	  0.000000	  0.106322	  0.758621	
  0.008621	  0.000000	  0.000000	  0.991379	
  0.000000	  0.000000	  0.000000	  1.000000	
  0.008621	  0.267241	  0.114943	  0.609195	
  0.106322	  0.204023	  0.683908	  0.005747	

MOTIF 17 RAP2.6_2-RAP2.6_2

letter-probability matrix: alength= 4 w= 8 nsites= 20 E= 0.0e+000
  0.560986	  0.058914	  0.290556	  0.089543	
  0.053324	  0.005780	  0.932049	  0.008847	
  0.016805	  0.942800	  0.018713	  0.021681	
  0.013026	  0.932845	  0.046079	  0.008051	
  0.033225	  0.006477	  0.951352	  0.008946	
  0.052429	  0.771651	  0.072148	  0.103772	
  0.489296	  0.455685	  0.014933	  0.040087	
  0.673293	  0.152263	  0.013244	  0.161201	

MOTIF 18 ATERF1_2-ATERF1_2

letter-probability matrix: alength= 4 w= 8 nsites= 20 E= 0.0e+000
  0.140688	  0.148168	  0.116626	  0.594518	
  0.044668	  0.003989	  0.938516	  0.012827	
  0.029839	  0.895243	  0.060899	  0.014020	
  0.010339	  0.942298	  0.008566	  0.038797	
  0.038797	  0.008566	  0.942298	  0.010339	
  0.014020	  0.060899	  0.895243	  0.029839	
  0.012827	  0.938516	  0.003989	  0.044668	
  0.594518	  0.116626	  0.148168	  0.140688	

MOTIF 19 DREB2C_2-DREB2C_2

letter-probability matrix: alength= 4 w= 8 nsites= 20 E= 0.0e+000
  0.110140	  0.754337	  0.121800	  0.013722	
  0.805762	  0.004885	  0.185681	  0.003673	
  0.005165	  0.981400	  0.004487	  0.008947	
  0.008349	  0.982198	  0.004686	  0.004767	
  0.009246	  0.004885	  0.980803	  0.005066	
  0.772849	  0.158998	  0.048263	  0.019890	
  0.006260	  0.973939	  0.006278	  0.013523	
  0.803275	  0.051551	  0.028069	  0.117105	

MOTIF 20 TTTYYWTT-MEME-3

letter-probability matrix: alength= 4 w= 8 nsites= 104 E= 1.2e-019
  0.134615	  0.000000	  0.000000	  0.865385	
  0.000000	  0.000000	  0.000000	  1.000000	
  0.192308	  0.000000	  0.000000	  0.807692	
  0.000000	  0.365385	  0.000000	  0.634615	
  0.057692	  0.346154	  0.000000	  0.596154	
  0.490385	  0.000000	  0.000000	  0.509615	
  0.028846	  0.000000	  0.000000	  0.971154	
  0.038462	  0.000000	  0.000000	  0.961538	

MOTIF 21 1-CBGTGGGC-STREME-1

letter-probability matrix: alength= 4 w= 8 nsites= 356 E= 8.1e-005
  0.000162	  0.974801	  0.000270	  0.024766	
  0.149009	  0.311605	  0.243983	  0.295403	
  0.165740	  0.000270	  0.833827	  0.000162	
  0.000162	  0.000270	  0.107578	  0.891990	
  0.000162	  0.000270	  0.999405	  0.000162	
  0.004158	  0.000270	  0.881083	  0.114489	
  0.000162	  0.000270	  0.977349	  0.022219	
  0.000162	  0.905910	  0.000270	  0.093658	

MOTIF 22 RAP2.6_3ary-RAP2.6_3ary

letter-probability matrix: alength= 4 w= 8 nsites= 20 E= 0.0e+000
  0.687951	  0.095730	  0.080506	  0.135812	
  0.134419	  0.025581	  0.130457	  0.709543	
  0.142379	  0.009860	  0.713342	  0.134419	
  0.677702	  0.081103	  0.070855	  0.170339	
  0.011235	  0.972049	  0.005183	  0.011533	
  0.004071	  0.009860	  0.957024	  0.029046	
  0.011433	  0.011550	  0.965485	  0.011532	
  0.007852	  0.958715	  0.004487	  0.028946	

MOTIF 23 2-AACCAGC-STREME-2

letter-probability matrix: alength= 4 w= 7 nsites= 274 E= 4.8e-002
  0.869280	  0.000905	  0.000905	  0.128909	
  0.741520	  0.000905	  0.029623	  0.227952	
  0.000544	  0.660279	  0.044422	  0.294756	
  0.080916	  0.884320	  0.027352	  0.007411	
  0.858115	  0.140436	  0.000905	  0.000544	
  0.120212	  0.000905	  0.841222	  0.037661	
  0.020186	  0.941415	  0.000905	  0.037495	

MOTIF 24 4-RCAAAACC-STREME-4

letter-probability matrix: alength= 4 w= 8 nsites= 106 E= 2.3e-001
  0.603010	  0.000819	  0.395679	  0.000492	
  0.000492	  0.903748	  0.000819	  0.094941	
  0.809237	  0.000819	  0.098582	  0.091362	
  0.953984	  0.000819	  0.000819	  0.044379	
  0.867554	  0.065586	  0.011849	  0.055011	
  0.997871	  0.000819	  0.000819	  0.000492	
  0.000492	  0.998198	  0.000819	  0.000492	
  0.000492	  0.940099	  0.000819	  0.058590	

