MEME version 5.5.5 (Thu Sep 14 08:48:04 2023 +1000)

ALPHABET= ACGT

strands: + -

Background letter frequencies (from file `meme_chip_analysis/new_analysis/meme_chip_analysis/new_analysis/EREB18_max_8/background'):
A 0.25360 C 0.24640 G 0.24640 T 0.25360 

MOTIF 1 DEAR3-DEAR3

letter-probability matrix: alength= 4 w= 8 nsites= 20 E= 0.0e+000
  0.148441	  0.784489	  0.025208	  0.041863	
  0.334496	  0.015753	  0.631574	  0.018177	
  0.028426	  0.885504	  0.058738	  0.027331	
  0.040072	  0.930274	  0.020332	  0.009322	
  0.066535	  0.044510	  0.861823	  0.027132	
  0.319737	  0.522368	  0.056444	  0.101451	
  0.070416	  0.824708	  0.069385	  0.035491	
  0.100864	  0.416151	  0.328788	  0.154197	

MOTIF 2 GGCGGYGS-MEME-1

letter-probability matrix: alength= 4 w= 8 nsites= 290 E= 1.9e-117
  0.000000	  0.000000	  1.000000	  0.000000	
  0.000000	  0.255172	  0.565517	  0.179310	
  0.000000	  1.000000	  0.000000	  0.000000	
  0.000000	  0.000000	  1.000000	  0.000000	
  0.000000	  0.000000	  1.000000	  0.000000	
  0.000000	  0.658621	  0.000000	  0.341379	
  0.000000	  0.186207	  0.813793	  0.000000	
  0.000000	  0.365517	  0.634483	  0.000000	

MOTIF 3 1-CACCGMCC-STREME-1

letter-probability matrix: alength= 4 w= 8 nsites= 151 E= 7.3e-003
  0.027822	  0.862808	  0.108982	  0.000388	
  0.798896	  0.000407	  0.200309	  0.000388	
  0.000388	  0.998817	  0.000407	  0.000388	
  0.000388	  0.998817	  0.000407	  0.000388	
  0.000388	  0.034534	  0.964690	  0.000388	
  0.491712	  0.398841	  0.069989	  0.039457	
  0.000388	  0.975644	  0.023580	  0.000388	
  0.086281	  0.912924	  0.000407	  0.000388	

MOTIF 4 ORA47_2-ORA47_2

letter-probability matrix: alength= 4 w= 8 nsites= 20 E= 0.0e+000
  0.095690	  0.130679	  0.726002	  0.047630	
  0.015987	  0.927999	  0.010280	  0.045735	
  0.068518	  0.007593	  0.917254	  0.006634	
  0.005640	  0.958838	  0.030579	  0.004943	
  0.014295	  0.972372	  0.009484	  0.003849	
  0.012406	  0.003216	  0.971176	  0.013202	
  0.250018	  0.648490	  0.049087	  0.052406	
  0.041361	  0.923116	  0.009584	  0.025938	

MOTIF 5 DEAR4_2-DEAR4_2

letter-probability matrix: alength= 4 w= 8 nsites= 20 E= 0.0e+000
  0.033799	  0.128092	  0.754062	  0.084048	
  0.022953	  0.938440	  0.015156	  0.023451	
  0.117282	  0.006201	  0.868490	  0.008028	
  0.006934	  0.908680	  0.078846	  0.005540	
  0.005341	  0.976947	  0.010082	  0.007630	
  0.010416	  0.008092	  0.948490	  0.033003	
  0.009121	  0.835073	  0.085893	  0.069911	
  0.034194	  0.856165	  0.016945	  0.092696	

MOTIF 6 RAP2.6-RAP2.6

letter-probability matrix: alength= 4 w= 8 nsites= 20 E= 0.0e+000
  0.035590	  0.270778	  0.678738	  0.014894	
  0.028227	  0.954360	  0.008191	  0.009222	
  0.008326	  0.003514	  0.985206	  0.002953	
  0.002754	  0.890867	  0.104221	  0.002157	
  0.013104	  0.981323	  0.003216	  0.002356	
  0.005341	  0.004410	  0.986300	  0.003948	
  0.020961	  0.943221	  0.014857	  0.020961	
  0.067132	  0.917942	  0.003713	  0.011212	

MOTIF 7 DREB2C_2-DREB2C_2

letter-probability matrix: alength= 4 w= 8 nsites= 20 E= 0.0e+000
  0.110416	  0.754062	  0.121524	  0.013998	
  0.806038	  0.004609	  0.185405	  0.003948	
  0.005441	  0.981124	  0.004211	  0.009223	
  0.008625	  0.981922	  0.004410	  0.005043	
  0.009521	  0.004609	  0.980527	  0.005341	
  0.773124	  0.158722	  0.047987	  0.020165	
  0.006535	  0.973664	  0.006002	  0.013799	
  0.803550	  0.051276	  0.027793	  0.117381	

MOTIF 8 RRTF1-RRTF1

letter-probability matrix: alength= 4 w= 8 nsites= 20 E= 0.0e+000
  0.039574	  0.286926	  0.659102	  0.014397	
  0.050913	  0.932271	  0.009186	  0.007630	
  0.004346	  0.005803	  0.985405	  0.004446	
  0.003948	  0.823713	  0.168888	  0.003451	
  0.013998	  0.978141	  0.003713	  0.004147	
  0.005242	  0.013762	  0.974760	  0.006237	
  0.039268	  0.858852	  0.014558	  0.087322	
  0.206813	  0.770502	  0.003713	  0.018971	

MOTIF 9 ERF1-ERF1

letter-probability matrix: alength= 4 w= 8 nsites= 20 E= 0.0e+000
  0.418036	  0.539779	  0.027989	  0.014196	
  0.008626	  0.007695	  0.977443	  0.006238	
  0.006137	  0.972868	  0.010082	  0.010913	
  0.037879	  0.952569	  0.004310	  0.005242	
  0.017582	  0.002818	  0.970676	  0.008924	
  0.023950	  0.918034	  0.018442	  0.039574	
  0.010714	  0.973067	  0.006300	  0.009918	
  0.581759	  0.052768	  0.243017	  0.122456	

MOTIF 10 ORA47-ORA47

letter-probability matrix: alength= 4 w= 8 nsites= 20 E= 0.0e+000
  0.579371	  0.002022	  0.411475	  0.007132	
  0.002456	  0.989087	  0.003415	  0.005043	
  0.007630	  0.986699	  0.003116	  0.002555	
  0.003650	  0.002917	  0.989782	  0.003650	
  0.715960	  0.009486	  0.066109	  0.208447	
  0.004048	  0.987694	  0.002221	  0.006038	
  0.044748	  0.939727	  0.002121	  0.013402	
  0.732977	  0.011575	  0.070686	  0.184762	

MOTIF 11 RCCGDCCR-MEME-3

letter-probability matrix: alength= 4 w= 8 nsites= 160 E= 3.9e-015
  0.356250	  0.000000	  0.643750	  0.000000	
  0.000000	  1.000000	  0.000000	  0.000000	
  0.000000	  1.000000	  0.000000	  0.000000	
  0.000000	  0.000000	  1.000000	  0.000000	
  0.237500	  0.156250	  0.325000	  0.281250	
  0.000000	  1.000000	  0.000000	  0.000000	
  0.000000	  1.000000	  0.000000	  0.000000	
  0.612500	  0.000000	  0.387500	  0.000000	

MOTIF 12 RAP2.3-RAP2.3

letter-probability matrix: alength= 4 w= 8 nsites= 20 E= 0.0e+000
  0.119272	  0.231574	  0.541126	  0.108028	
  0.147530	  0.758838	  0.034360	  0.059272	
  0.007829	  0.007694	  0.978539	  0.005938	
  0.007132	  0.744012	  0.243813	  0.005043	
  0.017580	  0.973365	  0.005007	  0.004048	
  0.007033	  0.004012	  0.972868	  0.016088	
  0.109520	  0.777544	  0.026798	  0.086137	
  0.257208	  0.661988	  0.006799	  0.074005	

MOTIF 13 RAP2.3_2-RAP2.3_2

letter-probability matrix: alength= 4 w= 8 nsites= 20 E= 0.0e+000
  0.341262	  0.564012	  0.037345	  0.057381	
  0.005043	  0.004609	  0.984907	  0.005441	
  0.005839	  0.956450	  0.028888	  0.008824	
  0.011012	  0.973566	  0.010280	  0.005142	
  0.006932	  0.014857	  0.968692	  0.009519	
  0.025142	  0.862917	  0.031077	  0.080864	
  0.280537	  0.667030	  0.006399	  0.046034	
  0.620627	  0.071183	  0.108500	  0.199690	

MOTIF 14 RRTF1_3ary-RRTF1_3ary

letter-probability matrix: alength= 4 w= 8 nsites= 20 E= 0.0e+000
  0.053401	  0.915853	  0.019236	  0.011510	
  0.003849	  0.004907	  0.985306	  0.005938	
  0.005540	  0.964012	  0.026400	  0.004048	
  0.019871	  0.968785	  0.003813	  0.007531	
  0.009719	  0.009584	  0.974858	  0.005839	
  0.063351	  0.808191	  0.014758	  0.113700	
  0.171295	  0.763438	  0.005504	  0.059763	
  0.806654	  0.041122	  0.077735	  0.074489	

MOTIF 15 DEAR4-DEAR4

letter-probability matrix: alength= 4 w= 8 nsites= 20 E= 0.0e+000
  0.023254	  0.951968	  0.012172	  0.012606	
  0.792306	  0.001624	  0.202420	  0.003650	
  0.003550	  0.989485	  0.003514	  0.003451	
  0.019371	  0.976748	  0.001823	  0.002058	
  0.002555	  0.004111	  0.988987	  0.004346	
  0.981262	  0.007395	  0.002121	  0.009222	
  0.005043	  0.983416	  0.001624	  0.009917	
  0.845341	  0.122420	  0.013365	  0.018874	

MOTIF 16 RAP2.3_3ary-RAP2.3_3ary

letter-probability matrix: alength= 4 w= 8 nsites= 20 E= 0.0e+000
  0.207530	  0.700629	  0.029485	  0.062356	
  0.006038	  0.003116	  0.986002	  0.004844	
  0.003550	  0.971572	  0.013565	  0.011312	
  0.082555	  0.911176	  0.002917	  0.003351	
  0.007928	  0.228888	  0.755853	  0.007331	
  0.157481	  0.696251	  0.041226	  0.105043	
  0.078675	  0.900430	  0.002917	  0.017978	
  0.725938	  0.037445	  0.061027	  0.175590	

MOTIF 17 ATERF1-ATERF1

letter-probability matrix: alength= 4 w= 8 nsites= 20 E= 0.0e+000
  0.043849	  0.146101	  0.707594	  0.102456	
  0.187033	  0.600629	  0.147296	  0.065043	
  0.032608	  0.018840	  0.929677	  0.018876	
  0.040860	  0.481974	  0.376611	  0.100555	
  0.059272	  0.845007	  0.051276	  0.044446	
  0.065739	  0.092967	  0.731574	  0.109719	
  0.079769	  0.513664	  0.346699	  0.059869	
  0.066734	  0.797644	  0.097544	  0.038078	

MOTIF 18 YTTYCTTT-MEME-2

letter-probability matrix: alength= 4 w= 8 nsites= 195 E= 1.7e-056
  0.000000	  0.369231	  0.000000	  0.630769	
  0.000000	  0.000000	  0.000000	  1.000000	
  0.000000	  0.000000	  0.000000	  1.000000	
  0.000000	  0.389744	  0.000000	  0.610256	
  0.200000	  0.548718	  0.000000	  0.251282	
  0.000000	  0.000000	  0.000000	  1.000000	
  0.000000	  0.000000	  0.000000	  1.000000	
  0.000000	  0.000000	  0.000000	  1.000000	

MOTIF 19 ATERF1_2-ATERF1_2

letter-probability matrix: alength= 4 w= 8 nsites= 20 E= 0.0e+000
  0.140963	  0.147893	  0.116350	  0.594794	
  0.044943	  0.003713	  0.938241	  0.013102	
  0.030114	  0.894967	  0.060623	  0.014295	
  0.010615	  0.942022	  0.008291	  0.039073	
  0.039073	  0.008291	  0.942022	  0.010615	
  0.014295	  0.060623	  0.894967	  0.030114	
  0.013102	  0.938241	  0.003713	  0.044943	
  0.594794	  0.116350	  0.147893	  0.140963	

MOTIF 20 RRTF1_2-RRTF1_2

letter-probability matrix: alength= 4 w= 8 nsites= 20 E= 0.0e+000
  0.099879	  0.864198	  0.022621	  0.013303	
  0.004645	  0.007296	  0.983315	  0.004744	
  0.005938	  0.970682	  0.017741	  0.005640	
  0.013898	  0.976748	  0.005007	  0.004346	
  0.005441	  0.006499	  0.981128	  0.006932	
  0.028923	  0.904509	  0.018838	  0.047729	
  0.443296	  0.540981	  0.004907	  0.010815	
  0.899471	  0.019634	  0.028390	  0.052505	

MOTIF 21 RAP2.6_3ary-RAP2.6_3ary

letter-probability matrix: alength= 4 w= 8 nsites= 20 E= 0.0e+000
  0.688227	  0.095455	  0.080231	  0.136088	
  0.134695	  0.025306	  0.130181	  0.709819	
  0.142655	  0.009584	  0.713067	  0.134695	
  0.677978	  0.080828	  0.070579	  0.170615	
  0.011510	  0.971773	  0.004907	  0.011809	
  0.004346	  0.009584	  0.956748	  0.029321	
  0.011709	  0.011275	  0.965209	  0.011808	
  0.008127	  0.958440	  0.004211	  0.029222	

MOTIF 22 3-GCCGGCCA-STREME-3

letter-probability matrix: alength= 4 w= 8 nsites= 81 E= 5.3e-001
  0.001105	  0.001159	  0.996631	  0.001105	
  0.001105	  0.983168	  0.001159	  0.014568	
  0.032489	  0.887117	  0.001159	  0.079235	
  0.256155	  0.001159	  0.710197	  0.032489	
  0.088856	  0.001159	  0.647832	  0.262153	
  0.001105	  0.996631	  0.001159	  0.001105	
  0.001105	  0.996631	  0.001159	  0.001105	
  0.996577	  0.001159	  0.001159	  0.001105	

MOTIF 23 DREB2C-DREB2C

letter-probability matrix: alength= 4 w= 8 nsites= 20 E= 0.0e+000
  0.028230	  0.016651	  0.927687	  0.027434	
  0.005739	  0.956446	  0.006202	  0.031613	
  0.007034	  0.048295	  0.939230	  0.005441	
  0.022756	  0.005604	  0.968387	  0.003252	
  0.003252	  0.968387	  0.005604	  0.022756	
  0.005441	  0.939230	  0.048295	  0.007034	
  0.031613	  0.006202	  0.956446	  0.005739	
  0.027434	  0.927687	  0.016651	  0.028230	

MOTIF 24 RAP2.6_2-RAP2.6_2

letter-probability matrix: alength= 4 w= 8 nsites= 20 E= 0.0e+000
  0.561262	  0.058639	  0.290281	  0.089819	
  0.053600	  0.005504	  0.931773	  0.009122	
  0.017081	  0.942524	  0.018438	  0.021956	
  0.013302	  0.932569	  0.045803	  0.008326	
  0.033501	  0.006201	  0.951077	  0.009222	
  0.052705	  0.771375	  0.071873	  0.104048	
  0.489571	  0.455409	  0.014658	  0.040362	
  0.673568	  0.151987	  0.012968	  0.161477	

MOTIF 25 DEAR3_2-DEAR3_2

letter-probability matrix: alength= 4 w= 8 nsites= 20 E= 0.0e+000
  0.119869	  0.164808	  0.594360	  0.120963	
  0.590674	  0.095563	  0.114570	  0.199192	
  0.878376	  0.012271	  0.093763	  0.015590	
  0.014495	  0.958941	  0.010877	  0.015689	
  0.028326	  0.952370	  0.009485	  0.009819	
  0.032605	  0.019037	  0.937047	  0.011311	
  0.818177	  0.077843	  0.062917	  0.041063	
  0.019075	  0.953859	  0.005703	  0.021363	

MOTIF 26 At1g77200-At1g77200

letter-probability matrix: alength= 4 w= 8 nsites= 20 E= 0.0e+000
  0.080963	  0.752569	  0.041126	  0.125341	
  0.743675	  0.002519	  0.251549	  0.002257	
  0.003152	  0.988987	  0.002320	  0.005540	
  0.003948	  0.989584	  0.002420	  0.004048	
  0.004943	  0.002519	  0.989187	  0.003351	
  0.985142	  0.003614	  0.002519	  0.008724	
  0.003451	  0.988391	  0.002221	  0.005938	
  0.884744	  0.003713	  0.101723	  0.009819	

MOTIF 27 ETT-ETT

letter-probability matrix: alength= 4 w= 8 nsites= 20 E= 0.0e+000
  0.002754	  0.005405	  0.077942	  0.913899	
  0.003749	  0.004509	  0.987196	  0.004545	
  0.002655	  0.017542	  0.002818	  0.976985	
  0.003749	  0.986599	  0.002619	  0.007033	
  0.003550	  0.008689	  0.976052	  0.011709	
  0.003948	  0.024611	  0.960525	  0.010914	
  0.615988	  0.124609	  0.212370	  0.047033	
  0.573558	  0.095563	  0.190996	  0.139883	

MOTIF 28 MYB46-MYB46

letter-probability matrix: alength= 4 w= 8 nsites= 20 E= 0.0e+000
  0.081759	  0.003912	  0.907793	  0.006535	
  0.004545	  0.002718	  0.386699	  0.606038	
  0.007729	  0.008191	  0.002619	  0.981461	
  0.833301	  0.030977	  0.007395	  0.128326	
  0.004844	  0.004708	  0.987395	  0.003053	
  0.005938	  0.003912	  0.894748	  0.095400	
  0.003351	  0.033863	  0.002519	  0.960267	
  0.578575	  0.024907	  0.357843	  0.038675	

MOTIF 29 MYB55_2-MYB55_2

letter-probability matrix: alength= 4 w= 8 nsites= 20 E= 0.0e+000
  0.083260	  0.010182	  0.887882	  0.018677	
  0.018078	  0.010579	  0.695455	  0.275889	
  0.009320	  0.077337	  0.007096	  0.906246	
  0.106336	  0.032470	  0.688888	  0.172306	
  0.008028	  0.005305	  0.977246	  0.009421	
  0.007331	  0.013763	  0.443813	  0.535093	
  0.019769	  0.005902	  0.014062	  0.960267	
  0.101262	  0.047594	  0.825106	  0.026038	

MOTIF 30 MYB111_2-MYB111_2

letter-probability matrix: alength= 4 w= 8 nsites= 20 E= 0.0e+000
  0.059869	  0.006201	  0.926101	  0.007829	
  0.008724	  0.004509	  0.846798	  0.139968	
  0.003849	  0.004708	  0.007594	  0.983849	
  0.587273	  0.007195	  0.032268	  0.373265	
  0.011609	  0.004808	  0.978840	  0.004744	
  0.003451	  0.014161	  0.725902	  0.256486	
  0.018973	  0.009087	  0.004609	  0.967331	
  0.298973	  0.017644	  0.679435	  0.003948	

MOTIF 31 MYB55-MYB55

letter-probability matrix: alength= 4 w= 8 nsites= 20 E= 0.0e+000
  0.976386	  0.002519	  0.016748	  0.004346	
  0.049421	  0.942519	  0.003216	  0.004844	
  0.003650	  0.985703	  0.003614	  0.007033	
  0.226711	  0.049977	  0.024209	  0.699102	
  0.975192	  0.002022	  0.017246	  0.005540	
  0.266608	  0.727422	  0.002221	  0.003749	
  0.003451	  0.954360	  0.002320	  0.039869	
  0.119160	  0.054753	  0.753588	  0.072498	

MOTIF 32 MYB111-MYB111

letter-probability matrix: alength= 4 w= 8 nsites= 20 E= 0.0e+000
  0.229023	  0.005703	  0.754062	  0.011212	
  0.005839	  0.003216	  0.634460	  0.356486	
  0.004346	  0.012868	  0.005305	  0.977481	
  0.871212	  0.007893	  0.011077	  0.109819	
  0.018973	  0.005106	  0.972569	  0.003351	
  0.007431	  0.009385	  0.854559	  0.128625	
  0.007132	  0.005106	  0.006101	  0.981660	
  0.523948	  0.031276	  0.388987	  0.055789	

