MEME version 5.5.5 (Thu Sep 14 08:48:04 2023 +1000)

ALPHABET= ACGT

strands: + -

Background letter frequencies (from file `meme_chip_analysis/new_analysis/meme_chip_analysis/new_analysis/EREB54_max_8/background'):
A 0.18030 C 0.31970 G 0.31970 T 0.18030 

MOTIF 1 1-CGCCGCCG-STREME-1

letter-probability matrix: alength= 4 w= 8 nsites= 651 E= 1.4e-004
  0.011016	  0.896341	  0.026086	  0.066557	
  0.042417	  0.001581	  0.942509	  0.013493	
  0.000200	  0.890912	  0.000382	  0.108506	
  0.008664	  0.990754	  0.000382	  0.000200	
  0.038494	  0.059438	  0.894521	  0.007547	
  0.009461	  0.935616	  0.015266	  0.039656	
  0.000200	  0.955302	  0.035138	  0.009361	
  0.012974	  0.012170	  0.944169	  0.030687	

MOTIF 2 CGGCGGCG-MEME-1

letter-probability matrix: alength= 4 w= 8 nsites= 308 E= 7.4e-114
  0.000000	  1.000000	  0.000000	  0.000000	
  0.000000	  0.000000	  1.000000	  0.000000	
  0.275974	  0.000000	  0.724026	  0.000000	
  0.000000	  1.000000	  0.000000	  0.000000	
  0.000000	  0.000000	  1.000000	  0.000000	
  0.217532	  0.000000	  0.782468	  0.000000	
  0.000000	  1.000000	  0.000000	  0.000000	
  0.000000	  0.000000	  1.000000	  0.000000	

MOTIF 3 RAP2.6-RAP2.6

letter-probability matrix: alength= 4 w= 8 nsites= 20 E= 0.0e+000
  0.035225	  0.271143	  0.679103	  0.014529	
  0.027862	  0.954725	  0.008556	  0.008857	
  0.007962	  0.003879	  0.985571	  0.002589	
  0.002390	  0.891231	  0.104586	  0.001793	
  0.012739	  0.981688	  0.003581	  0.001992	
  0.004977	  0.004775	  0.986665	  0.003584	
  0.020597	  0.943586	  0.015221	  0.020597	
  0.066768	  0.918307	  0.004078	  0.010847	

MOTIF 4 ORA47_2-ORA47_2

letter-probability matrix: alength= 4 w= 8 nsites= 20 E= 0.0e+000
  0.095325	  0.131043	  0.726367	  0.047265	
  0.015622	  0.928364	  0.010644	  0.045371	
  0.068154	  0.007958	  0.917618	  0.006269	
  0.005275	  0.959202	  0.030944	  0.004579	
  0.013931	  0.972737	  0.009848	  0.003484	
  0.012041	  0.003581	  0.971541	  0.012837	
  0.249653	  0.648854	  0.049451	  0.052041	
  0.040996	  0.923481	  0.009949	  0.025574	

MOTIF 5 DEAR4_2-DEAR4_2

letter-probability matrix: alength= 4 w= 8 nsites= 20 E= 0.0e+000
  0.033434	  0.128456	  0.754426	  0.083683	
  0.022589	  0.938804	  0.015521	  0.023086	
  0.116917	  0.006566	  0.868854	  0.007663	
  0.006570	  0.909044	  0.079210	  0.005176	
  0.004977	  0.977312	  0.010446	  0.007265	
  0.010051	  0.008456	  0.948854	  0.032638	
  0.008757	  0.835437	  0.086258	  0.069547	
  0.033829	  0.856530	  0.017310	  0.092331	

MOTIF 6 RAP2.3-RAP2.3

letter-probability matrix: alength= 4 w= 8 nsites= 20 E= 0.0e+000
  0.118907	  0.231939	  0.541491	  0.107663	
  0.147166	  0.759202	  0.034725	  0.058907	
  0.007464	  0.008058	  0.978904	  0.005574	
  0.006768	  0.744377	  0.244178	  0.004678	
  0.017215	  0.973730	  0.005372	  0.003683	
  0.006668	  0.004377	  0.973232	  0.015723	
  0.109156	  0.777909	  0.027163	  0.085773	
  0.256843	  0.662353	  0.007164	  0.073640	

MOTIF 7 ERF1-ERF1

letter-probability matrix: alength= 4 w= 8 nsites= 20 E= 0.0e+000
  0.417671	  0.540144	  0.028354	  0.013831	
  0.008261	  0.008059	  0.977807	  0.005873	
  0.005773	  0.973232	  0.010446	  0.010549	
  0.037514	  0.952934	  0.004675	  0.004877	
  0.017217	  0.003183	  0.971040	  0.008560	
  0.023586	  0.918399	  0.018807	  0.039210	
  0.010350	  0.973431	  0.006665	  0.009554	
  0.581395	  0.053133	  0.243382	  0.122091	

MOTIF 8 RRTF1-RRTF1

letter-probability matrix: alength= 4 w= 8 nsites= 20 E= 0.0e+000
  0.039210	  0.287291	  0.659467	  0.014032	
  0.050549	  0.932635	  0.009551	  0.007265	
  0.003982	  0.006168	  0.985770	  0.004081	
  0.003584	  0.824078	  0.169252	  0.003086	
  0.013633	  0.978506	  0.004078	  0.003783	
  0.004877	  0.014127	  0.975125	  0.005872	
  0.038903	  0.859216	  0.014923	  0.086958	
  0.206448	  0.770867	  0.004078	  0.018607	

MOTIF 9 RAP2.3_2-RAP2.3_2

letter-probability matrix: alength= 4 w= 8 nsites= 20 E= 0.0e+000
  0.340897	  0.564377	  0.037710	  0.057016	
  0.004678	  0.004974	  0.985272	  0.005076	
  0.005474	  0.956814	  0.029252	  0.008459	
  0.010647	  0.973931	  0.010644	  0.004778	
  0.006568	  0.015221	  0.969056	  0.009155	
  0.024778	  0.863282	  0.031441	  0.080499	
  0.280173	  0.667395	  0.006764	  0.045669	
  0.620262	  0.071548	  0.108865	  0.199325	

MOTIF 10 DEAR3-DEAR3

letter-probability matrix: alength= 4 w= 8 nsites= 20 E= 0.0e+000
  0.148076	  0.784853	  0.025573	  0.041498	
  0.334131	  0.016118	  0.631939	  0.017812	
  0.028061	  0.885869	  0.059103	  0.026967	
  0.039707	  0.930638	  0.020697	  0.008958	
  0.066171	  0.044874	  0.862188	  0.026768	
  0.319373	  0.522733	  0.056808	  0.101086	
  0.070051	  0.825073	  0.069750	  0.035126	
  0.100499	  0.416516	  0.329153	  0.153832	

MOTIF 11 ATERF1-ATERF1

letter-probability matrix: alength= 4 w= 8 nsites= 20 E= 0.0e+000
  0.043484	  0.146466	  0.707959	  0.102091	
  0.186668	  0.600994	  0.147660	  0.064678	
  0.032243	  0.019204	  0.930041	  0.018511	
  0.040495	  0.482339	  0.376976	  0.100191	
  0.058907	  0.845372	  0.051640	  0.044081	
  0.065375	  0.093332	  0.731939	  0.109355	
  0.079405	  0.514028	  0.347063	  0.059504	
  0.066370	  0.798008	  0.097909	  0.037713	

MOTIF 12 RRTF1_3ary-RRTF1_3ary

letter-probability matrix: alength= 4 w= 8 nsites= 20 E= 0.0e+000
  0.053036	  0.916217	  0.019600	  0.011146	
  0.003484	  0.005272	  0.985671	  0.005574	
  0.005176	  0.964377	  0.026765	  0.003683	
  0.019506	  0.969150	  0.004178	  0.007167	
  0.009355	  0.009949	  0.975222	  0.005474	
  0.062987	  0.808556	  0.015123	  0.113335	
  0.170930	  0.763802	  0.005869	  0.059398	
  0.806289	  0.041487	  0.078100	  0.074124	

MOTIF 13 DREB2C-DREB2C

letter-probability matrix: alength= 4 w= 8 nsites= 20 E= 0.0e+000
  0.027865	  0.017015	  0.928051	  0.027069	
  0.005375	  0.956810	  0.006567	  0.031248	
  0.006669	  0.048660	  0.939595	  0.005076	
  0.022392	  0.005969	  0.968752	  0.002887	
  0.002887	  0.968752	  0.005969	  0.022392	
  0.005076	  0.939595	  0.048660	  0.006669	
  0.031248	  0.006567	  0.956810	  0.005375	
  0.027069	  0.928051	  0.017015	  0.027865	

MOTIF 14 RAP2.3_3ary-RAP2.3_3ary

letter-probability matrix: alength= 4 w= 8 nsites= 20 E= 0.0e+000
  0.207166	  0.700994	  0.029849	  0.061991	
  0.005673	  0.003481	  0.986367	  0.004479	
  0.003186	  0.971937	  0.013930	  0.010948	
  0.082190	  0.911541	  0.003282	  0.002987	
  0.007564	  0.229252	  0.756217	  0.006967	
  0.157116	  0.696615	  0.041591	  0.104678	
  0.078310	  0.900795	  0.003282	  0.017613	
  0.725574	  0.037810	  0.061392	  0.175225	

MOTIF 15 RRTF1_2-RRTF1_2

letter-probability matrix: alength= 4 w= 8 nsites= 20 E= 0.0e+000
  0.099514	  0.864563	  0.022986	  0.012938	
  0.004280	  0.007660	  0.983680	  0.004380	
  0.005574	  0.971046	  0.018106	  0.005275	
  0.013534	  0.977113	  0.005372	  0.003982	
  0.005076	  0.006863	  0.981493	  0.006568	
  0.028559	  0.904874	  0.019203	  0.047365	
  0.442931	  0.541346	  0.005272	  0.010450	
  0.899106	  0.019998	  0.028755	  0.052141	

MOTIF 16 ATERF1_2-ATERF1_2

letter-probability matrix: alength= 4 w= 8 nsites= 20 E= 0.0e+000
  0.140599	  0.148257	  0.116715	  0.594429	
  0.044579	  0.004078	  0.938605	  0.012738	
  0.029750	  0.895332	  0.060988	  0.013931	
  0.010250	  0.942387	  0.008655	  0.038708	
  0.038708	  0.008655	  0.942387	  0.010250	
  0.013931	  0.060988	  0.895332	  0.029750	
  0.012738	  0.938605	  0.004078	  0.044579	
  0.594429	  0.116715	  0.148257	  0.140599	

MOTIF 17 RAP2.6_2-RAP2.6_2

letter-probability matrix: alength= 4 w= 8 nsites= 20 E= 0.0e+000
  0.560897	  0.059004	  0.290645	  0.089454	
  0.053235	  0.005869	  0.932138	  0.008758	
  0.016716	  0.942889	  0.018802	  0.021591	
  0.012937	  0.932934	  0.046168	  0.007962	
  0.033136	  0.006566	  0.951441	  0.008857	
  0.052340	  0.771740	  0.072237	  0.103683	
  0.489206	  0.455774	  0.015022	  0.039997	
  0.673203	  0.152352	  0.013333	  0.161112	

MOTIF 18 DREB2C_2-DREB2C_2

letter-probability matrix: alength= 4 w= 8 nsites= 20 E= 0.0e+000
  0.110051	  0.754426	  0.121889	  0.013633	
  0.805673	  0.004974	  0.185770	  0.003584	
  0.005076	  0.981489	  0.004576	  0.008858	
  0.008260	  0.982287	  0.004775	  0.004678	
  0.009157	  0.004974	  0.980892	  0.004977	
  0.772760	  0.159087	  0.048352	  0.019800	
  0.006171	  0.974028	  0.006367	  0.013434	
  0.803186	  0.051640	  0.028158	  0.117016	

MOTIF 19 RAP2.6_3ary-RAP2.6_3ary

letter-probability matrix: alength= 4 w= 8 nsites= 20 E= 0.0e+000
  0.687862	  0.095819	  0.080596	  0.135723	
  0.134330	  0.025670	  0.130546	  0.709454	
  0.142290	  0.009949	  0.713431	  0.134330	
  0.677613	  0.081193	  0.070944	  0.170250	
  0.011146	  0.972138	  0.005272	  0.011444	
  0.003982	  0.009949	  0.957113	  0.028957	
  0.011344	  0.011639	  0.965574	  0.011443	
  0.007763	  0.958804	  0.004576	  0.028857	

MOTIF 20 YATATATA-MEME-2

letter-probability matrix: alength= 4 w= 8 nsites= 33 E= 9.1e-008
  0.000000	  0.333333	  0.000000	  0.666667	
  0.939394	  0.000000	  0.000000	  0.060606	
  0.000000	  0.000000	  0.000000	  1.000000	
  0.818182	  0.000000	  0.090909	  0.090909	
  0.000000	  0.000000	  0.000000	  1.000000	
  1.000000	  0.000000	  0.000000	  0.000000	
  0.000000	  0.000000	  0.000000	  1.000000	
  0.696970	  0.303030	  0.000000	  0.000000	

MOTIF 21 AGYAGCAG-MEME-3

letter-probability matrix: alength= 4 w= 8 nsites= 74 E= 2.2e-004
  1.000000	  0.000000	  0.000000	  0.000000	
  0.000000	  0.000000	  1.000000	  0.000000	
  0.000000	  0.513514	  0.216216	  0.270270	
  1.000000	  0.000000	  0.000000	  0.000000	
  0.000000	  0.000000	  1.000000	  0.000000	
  0.000000	  0.675676	  0.000000	  0.324324	
  1.000000	  0.000000	  0.000000	  0.000000	
  0.000000	  0.000000	  1.000000	  0.000000	

