MEME version 5.5.5 (Thu Sep 14 08:48:04 2023 +1000)

ALPHABET= ACGT

strands: + -

Background letter frequencies (from file `meme_chip_analysis/new_analysis/meme_chip_analysis/new_analysis/EREB98_max_8/background'):
A 0.17940 C 0.32060 G 0.32060 T 0.17940 

MOTIF 1 GCCGGCCG-MEME-3

letter-probability matrix: alength= 4 w= 8 nsites= 213 E= 5.1e-043
  0.000000	  0.028169	  0.971831	  0.000000	
  0.000000	  0.741784	  0.258216	  0.000000	
  0.000000	  1.000000	  0.000000	  0.000000	
  0.000000	  0.000000	  1.000000	  0.000000	
  0.000000	  0.000000	  1.000000	  0.000000	
  0.000000	  1.000000	  0.000000	  0.000000	
  0.000000	  1.000000	  0.000000	  0.000000	
  0.000000	  0.000000	  1.000000	  0.000000	

MOTIF 2 1-CGGCCGGC-STREME-1

letter-probability matrix: alength= 4 w= 8 nsites= 193 E= 4.6e-004
  0.015555	  0.938991	  0.029900	  0.015555	
  0.015555	  0.029900	  0.938991	  0.015555	
  0.015555	  0.029900	  0.938991	  0.015555	
  0.015555	  0.938991	  0.029900	  0.015555	
  0.015555	  0.938991	  0.029900	  0.015555	
  0.015555	  0.029900	  0.938991	  0.015555	
  0.015555	  0.029900	  0.938991	  0.015555	
  0.015555	  0.938991	  0.029900	  0.015555	

MOTIF 3 ATERF1_2-ATERF1_2

letter-probability matrix: alength= 4 w= 8 nsites= 20 E= 0.0e+000
  0.140594	  0.148262	  0.116719	  0.594425	
  0.044574	  0.004083	  0.938610	  0.012733	
  0.029745	  0.895336	  0.060992	  0.013926	
  0.010246	  0.942391	  0.008660	  0.038704	
  0.038704	  0.008660	  0.942391	  0.010246	
  0.013926	  0.060992	  0.895336	  0.029745	
  0.012733	  0.938610	  0.004083	  0.044574	
  0.594425	  0.116719	  0.148262	  0.140594	

MOTIF 4 GACGRCGA-MEME-2

letter-probability matrix: alength= 4 w= 8 nsites= 206 E= 2.7e-063
  0.000000	  0.000000	  1.000000	  0.000000	
  1.000000	  0.000000	  0.000000	  0.000000	
  0.000000	  0.873786	  0.000000	  0.126214	
  0.101942	  0.000000	  0.898058	  0.000000	
  0.383495	  0.087379	  0.529126	  0.000000	
  0.000000	  0.907767	  0.092233	  0.000000	
  0.000000	  0.000000	  1.000000	  0.000000	
  1.000000	  0.000000	  0.000000	  0.000000	

MOTIF 5 DREB2C-DREB2C

letter-probability matrix: alength= 4 w= 8 nsites= 20 E= 0.0e+000
  0.027861	  0.017020	  0.928056	  0.027065	
  0.005370	  0.956815	  0.006571	  0.031244	
  0.006665	  0.048665	  0.939599	  0.005072	
  0.022387	  0.005973	  0.968756	  0.002883	
  0.002883	  0.968756	  0.005973	  0.022387	
  0.005072	  0.939599	  0.048665	  0.006665	
  0.031244	  0.006571	  0.956815	  0.005370	
  0.027065	  0.928056	  0.017020	  0.027861	

MOTIF 6 TTTTTTTT-MEME-1

letter-probability matrix: alength= 4 w= 8 nsites= 83 E= 1.2e-055
  0.000000	  0.000000	  0.000000	  1.000000	
  0.000000	  0.000000	  0.000000	  1.000000	
  0.000000	  0.000000	  0.000000	  1.000000	
  0.144578	  0.265060	  0.000000	  0.590361	
  0.012048	  0.000000	  0.120482	  0.867470	
  0.048193	  0.000000	  0.000000	  0.951807	
  0.000000	  0.000000	  0.000000	  1.000000	
  0.108434	  0.132530	  0.132530	  0.626506	

MOTIF 7 ERF1-ERF1

letter-probability matrix: alength= 4 w= 8 nsites= 20 E= 0.0e+000
  0.417667	  0.540148	  0.028358	  0.013827	
  0.008257	  0.008064	  0.977812	  0.005869	
  0.005768	  0.973237	  0.010451	  0.010544	
  0.037510	  0.952938	  0.004680	  0.004873	
  0.017213	  0.003187	  0.971045	  0.008555	
  0.023581	  0.918403	  0.018811	  0.039205	
  0.010345	  0.973436	  0.006670	  0.009549	
  0.581390	  0.053137	  0.243386	  0.122087	

MOTIF 8 DEAR3-DEAR3

letter-probability matrix: alength= 4 w= 8 nsites= 20 E= 0.0e+000
  0.148072	  0.784858	  0.025577	  0.041494	
  0.334126	  0.016122	  0.631943	  0.017808	
  0.028057	  0.885874	  0.059108	  0.026962	
  0.039703	  0.930643	  0.020702	  0.008953	
  0.066166	  0.044879	  0.862192	  0.026763	
  0.319368	  0.522737	  0.056813	  0.101082	
  0.070047	  0.825078	  0.069754	  0.035121	
  0.100495	  0.416520	  0.329157	  0.153828	

MOTIF 9 RAP2.6_3ary-RAP2.6_3ary

letter-probability matrix: alength= 4 w= 8 nsites= 20 E= 0.0e+000
  0.687858	  0.095824	  0.080600	  0.135718	
  0.134325	  0.025675	  0.130550	  0.709450	
  0.142286	  0.009953	  0.713436	  0.134325	
  0.677609	  0.081197	  0.070948	  0.170246	
  0.011141	  0.972142	  0.005277	  0.011440	
  0.003977	  0.009953	  0.957117	  0.028952	
  0.011339	  0.011644	  0.965578	  0.011439	
  0.007758	  0.958809	  0.004580	  0.028853	

MOTIF 10 RRTF1_3ary-RRTF1_3ary

letter-probability matrix: alength= 4 w= 8 nsites= 20 E= 0.0e+000
  0.053032	  0.916222	  0.019605	  0.011141	
  0.003480	  0.005277	  0.985676	  0.005569	
  0.005171	  0.964381	  0.026769	  0.003679	
  0.019502	  0.969154	  0.004182	  0.007162	
  0.009350	  0.009953	  0.975227	  0.005470	
  0.062982	  0.808560	  0.015127	  0.113330	
  0.170925	  0.763807	  0.005874	  0.059394	
  0.806285	  0.041492	  0.078104	  0.074119	

MOTIF 11 ATERF1-ATERF1

letter-probability matrix: alength= 4 w= 8 nsites= 20 E= 0.0e+000
  0.043480	  0.146471	  0.707963	  0.102087	
  0.186664	  0.600998	  0.147665	  0.064674	
  0.032239	  0.019209	  0.930046	  0.018506	
  0.040490	  0.482343	  0.376980	  0.100186	
  0.058903	  0.845376	  0.051645	  0.044077	
  0.065370	  0.093336	  0.731943	  0.109350	
  0.079400	  0.514033	  0.347068	  0.059499	
  0.066365	  0.798013	  0.097913	  0.037708	

MOTIF 12 ORA47_2-ORA47_2

letter-probability matrix: alength= 4 w= 8 nsites= 20 E= 0.0e+000
  0.095320	  0.131048	  0.726371	  0.047261	
  0.015618	  0.928368	  0.010649	  0.045366	
  0.068149	  0.007962	  0.917623	  0.006265	
  0.005271	  0.959207	  0.030948	  0.004574	
  0.013926	  0.972741	  0.009853	  0.003480	
  0.012037	  0.003585	  0.971545	  0.012833	
  0.249649	  0.648859	  0.049456	  0.052037	
  0.040992	  0.923486	  0.009953	  0.025569	

MOTIF 13 RAP2.3_3ary-RAP2.3_3ary

letter-probability matrix: alength= 4 w= 8 nsites= 20 E= 0.0e+000
  0.207161	  0.700998	  0.029854	  0.061987	
  0.005669	  0.003486	  0.986371	  0.004475	
  0.003181	  0.971941	  0.013934	  0.010943	
  0.082186	  0.911545	  0.003287	  0.002982	
  0.007559	  0.229257	  0.756222	  0.006962	
  0.157111	  0.696620	  0.041595	  0.104674	
  0.078306	  0.900799	  0.003287	  0.017609	
  0.725569	  0.037814	  0.061396	  0.175221	

MOTIF 14 4-GCSGCSGC-STREME-4

letter-probability matrix: alength= 4 w= 8 nsites= 122 E= 4.6e-002
  0.001437	  0.002763	  0.994362	  0.001437	
  0.001437	  0.994362	  0.002763	  0.001437	
  0.001437	  0.441285	  0.555840	  0.001437	
  0.001437	  0.073129	  0.923997	  0.001437	
  0.001437	  0.923997	  0.073129	  0.001437	
  0.001437	  0.555840	  0.441285	  0.001437	
  0.001437	  0.002763	  0.994362	  0.001437	
  0.001437	  0.994362	  0.002763	  0.001437	

MOTIF 15 DEAR4_2-DEAR4_2

letter-probability matrix: alength= 4 w= 8 nsites= 20 E= 0.0e+000
  0.033430	  0.128461	  0.754431	  0.083679	
  0.022584	  0.938809	  0.015525	  0.023082	
  0.116912	  0.006570	  0.868859	  0.007659	
  0.006565	  0.909049	  0.079215	  0.005171	
  0.004972	  0.977316	  0.010451	  0.007261	
  0.010047	  0.008461	  0.948859	  0.032634	
  0.008752	  0.835442	  0.086263	  0.069542	
  0.033825	  0.856534	  0.017314	  0.092326	

MOTIF 16 RAP2.3-RAP2.3

letter-probability matrix: alength= 4 w= 8 nsites= 20 E= 0.0e+000
  0.118902	  0.231943	  0.541496	  0.107659	
  0.147161	  0.759207	  0.034729	  0.058903	
  0.007460	  0.008063	  0.978908	  0.005569	
  0.006763	  0.744381	  0.244182	  0.004674	
  0.017211	  0.973734	  0.005376	  0.003679	
  0.006664	  0.004381	  0.973237	  0.015718	
  0.109151	  0.777913	  0.027167	  0.085768	
  0.256839	  0.662357	  0.007168	  0.073636	

MOTIF 17 RAP2.3_2-RAP2.3_2

letter-probability matrix: alength= 4 w= 8 nsites= 20 E= 0.0e+000
  0.340893	  0.564381	  0.037714	  0.057012	
  0.004674	  0.004978	  0.985277	  0.005072	
  0.005470	  0.956819	  0.029257	  0.008455	
  0.010643	  0.973935	  0.010649	  0.004773	
  0.006563	  0.015226	  0.969061	  0.009150	
  0.024773	  0.863287	  0.031446	  0.080494	
  0.280168	  0.667399	  0.006768	  0.045665	
  0.620258	  0.071552	  0.108870	  0.199320	

MOTIF 18 RAP2.6-RAP2.6

letter-probability matrix: alength= 4 w= 8 nsites= 20 E= 0.0e+000
  0.035221	  0.271147	  0.679107	  0.014524	
  0.027858	  0.954729	  0.008560	  0.008853	
  0.007957	  0.003884	  0.985575	  0.002584	
  0.002385	  0.891236	  0.104590	  0.001788	
  0.012734	  0.981693	  0.003585	  0.001987	
  0.004972	  0.004779	  0.986670	  0.003579	
  0.020592	  0.943590	  0.015226	  0.020592	
  0.066763	  0.918311	  0.004083	  0.010843	

MOTIF 19 2-GACGRCGA-STREME-2

letter-probability matrix: alength= 4 w= 8 nsites= 212 E= 4.1e-003
  0.000291	  0.000560	  0.998857	  0.000291	
  0.998588	  0.000560	  0.000560	  0.000291	
  0.000291	  0.839559	  0.000560	  0.159589	
  0.187852	  0.000560	  0.811296	  0.000291	
  0.498364	  0.000560	  0.500785	  0.000291	
  0.000291	  0.860158	  0.000560	  0.138990	
  0.000291	  0.046697	  0.945038	  0.007974	
  0.998588	  0.000560	  0.000560	  0.000291	

MOTIF 20 RRTF1-RRTF1

letter-probability matrix: alength= 4 w= 8 nsites= 20 E= 0.0e+000
  0.039205	  0.287296	  0.659472	  0.014028	
  0.050544	  0.932640	  0.009555	  0.007261	
  0.003977	  0.006172	  0.985774	  0.004077	
  0.003579	  0.824083	  0.169257	  0.003082	
  0.013629	  0.978510	  0.004083	  0.003778	
  0.004873	  0.014131	  0.975129	  0.005868	
  0.038899	  0.859221	  0.014927	  0.086953	
  0.206444	  0.770872	  0.004083	  0.018602	

MOTIF 21 DREB2C_2-DREB2C_2

letter-probability matrix: alength= 4 w= 8 nsites= 20 E= 0.0e+000
  0.110047	  0.754431	  0.121894	  0.013629	
  0.805669	  0.004978	  0.185774	  0.003579	
  0.005072	  0.981494	  0.004580	  0.008854	
  0.008256	  0.982292	  0.004779	  0.004674	
  0.009152	  0.004978	  0.980897	  0.004972	
  0.772755	  0.159092	  0.048356	  0.019796	
  0.006166	  0.974033	  0.006371	  0.013430	
  0.803181	  0.051645	  0.028162	  0.117012	

MOTIF 22 RRTF1_2-RRTF1_2

letter-probability matrix: alength= 4 w= 8 nsites= 20 E= 0.0e+000
  0.099510	  0.864567	  0.022990	  0.012933	
  0.004276	  0.007665	  0.983685	  0.004375	
  0.005569	  0.971051	  0.018110	  0.005271	
  0.013529	  0.977117	  0.005376	  0.003977	
  0.005072	  0.006868	  0.981498	  0.006563	
  0.028554	  0.904879	  0.019207	  0.047360	
  0.442926	  0.541350	  0.005277	  0.010446	
  0.899101	  0.020003	  0.028759	  0.052136	

MOTIF 23 RAP2.6_2-RAP2.6_2

letter-probability matrix: alength= 4 w= 8 nsites= 20 E= 0.0e+000
  0.560893	  0.059008	  0.290650	  0.089450	
  0.053231	  0.005874	  0.932142	  0.008753	
  0.016711	  0.942894	  0.018807	  0.021587	
  0.012932	  0.932938	  0.046172	  0.007957	
  0.033131	  0.006570	  0.951446	  0.008853	
  0.052335	  0.771744	  0.072242	  0.103679	
  0.489202	  0.455778	  0.015027	  0.039993	
  0.673199	  0.152356	  0.013337	  0.161107	

MOTIF 24 At1g77200-At1g77200

letter-probability matrix: alength= 4 w= 8 nsites= 20 E= 0.0e+000
  0.080594	  0.752938	  0.041495	  0.124972	
  0.743305	  0.002889	  0.251918	  0.001888	
  0.002783	  0.989356	  0.002690	  0.005171	
  0.003579	  0.989953	  0.002789	  0.003679	
  0.004574	  0.002889	  0.989556	  0.002982	
  0.984773	  0.003983	  0.002889	  0.008355	
  0.003082	  0.988760	  0.002590	  0.005569	
  0.884375	  0.004083	  0.102093	  0.009450	

MOTIF 25 DDF1-DDF1

letter-probability matrix: alength= 4 w= 8 nsites= 20 E= 0.0e+000
  0.974323	  0.003585	  0.016721	  0.005370	
  0.009749	  0.016522	  0.004978	  0.968750	
  0.006364	  0.002491	  0.987268	  0.003878	
  0.003977	  0.004282	  0.003386	  0.988355	
  0.003579	  0.988263	  0.002889	  0.005271	
  0.003181	  0.003187	  0.988661	  0.004972	
  0.169450	  0.002093	  0.825973	  0.002485	
  0.001689	  0.787764	  0.002789	  0.207758	

MOTIF 26 DEAR4-DEAR4

letter-probability matrix: alength= 4 w= 8 nsites= 20 E= 0.0e+000
  0.022885	  0.952337	  0.012541	  0.012237	
  0.791937	  0.001993	  0.202789	  0.003281	
  0.003181	  0.989854	  0.003884	  0.003082	
  0.019002	  0.977117	  0.002192	  0.001689	
  0.002186	  0.004481	  0.989356	  0.003977	
  0.980893	  0.007764	  0.002491	  0.008853	
  0.004674	  0.983785	  0.001993	  0.009548	
  0.844972	  0.122789	  0.013734	  0.018505	

MOTIF 27 ORA47-ORA47

letter-probability matrix: alength= 4 w= 8 nsites= 20 E= 0.0e+000
  0.579002	  0.002391	  0.411844	  0.006763	
  0.002087	  0.989456	  0.003784	  0.004674	
  0.007261	  0.987068	  0.003486	  0.002186	
  0.003281	  0.003287	  0.990151	  0.003281	
  0.715591	  0.009855	  0.066478	  0.208078	
  0.003679	  0.988063	  0.002590	  0.005669	
  0.044379	  0.940097	  0.002491	  0.013033	
  0.732608	  0.011944	  0.071055	  0.184393	

MOTIF 28 ETT-ETT

letter-probability matrix: alength= 4 w= 8 nsites= 20 E= 0.0e+000
  0.002385	  0.005774	  0.078311	  0.913529	
  0.003380	  0.004879	  0.987565	  0.004176	
  0.002286	  0.017911	  0.003187	  0.976616	
  0.003380	  0.986968	  0.002988	  0.006664	
  0.003181	  0.009058	  0.976421	  0.011340	
  0.003579	  0.024980	  0.960895	  0.010545	
  0.615619	  0.124978	  0.212739	  0.046664	
  0.573189	  0.095932	  0.191365	  0.139513	

MOTIF 29 DEAR3_2-DEAR3_2

letter-probability matrix: alength= 4 w= 8 nsites= 20 E= 0.0e+000
  0.119500	  0.165177	  0.594729	  0.120594	
  0.590304	  0.095932	  0.114939	  0.198823	
  0.878007	  0.012640	  0.094132	  0.015221	
  0.014125	  0.959310	  0.011246	  0.015319	
  0.027957	  0.952739	  0.009854	  0.009450	
  0.032236	  0.019406	  0.937416	  0.010942	
  0.817808	  0.078212	  0.063287	  0.040694	
  0.018705	  0.954228	  0.006073	  0.020994	

MOTIF 30 3-VCCSACC-STREME-3

letter-probability matrix: alength= 4 w= 7 nsites= 309 E= 1.3e-002
  0.262635	  0.250423	  0.486180	  0.000762	
  0.000762	  0.874034	  0.124442	  0.000762	
  0.000762	  0.997011	  0.001465	  0.000762	
  0.000762	  0.381700	  0.514954	  0.102584	
  0.996309	  0.001465	  0.001465	  0.000762	
  0.000762	  0.997011	  0.001465	  0.000762	
  0.000762	  0.997011	  0.001465	  0.000762	

