MEME version 5.5.5 (Thu Sep 14 08:48:04 2023 +1000)

ALPHABET= ACGT

strands: + -

Background letter frequencies (from file `meme_chip_analysis/new_analysis/meme_chip_analysis/new_analysis/EREB147_max_8/background'):
A 0.17750 C 0.32250 G 0.32250 T 0.17750 

MOTIF 1 CGCCGCCG-MEME-1

letter-probability matrix: alength= 4 w= 8 nsites= 471 E= 3.8e-043
  0.000000	  1.000000	  0.000000	  0.000000	
  0.000000	  0.000000	  1.000000	  0.000000	
  0.000000	  0.658174	  0.038217	  0.303609	
  0.000000	  1.000000	  0.000000	  0.000000	
  0.000000	  0.000000	  1.000000	  0.000000	
  0.000000	  0.730361	  0.000000	  0.269639	
  0.000000	  1.000000	  0.000000	  0.000000	
  0.110403	  0.180467	  0.605096	  0.104034	

MOTIF 2 3-CGBCGVCG-STREME-3

letter-probability matrix: alength= 4 w= 8 nsites= 302 E= 4.8e-001
  0.000389	  0.998466	  0.000757	  0.000389	
  0.000389	  0.000757	  0.998466	  0.000389	
  0.101522	  0.214717	  0.427726	  0.256035	
  0.000389	  0.992251	  0.000757	  0.006604	
  0.006604	  0.000757	  0.992251	  0.000389	
  0.256035	  0.427726	  0.214717	  0.101522	
  0.000389	  0.998466	  0.000757	  0.000389	
  0.000389	  0.000757	  0.998466	  0.000389	

MOTIF 3 ERF1-ERF1

letter-probability matrix: alength= 4 w= 8 nsites= 20 E= 0.0e+000
  0.417657	  0.540158	  0.028368	  0.013817	
  0.008247	  0.008073	  0.977821	  0.005859	
  0.005759	  0.973246	  0.010460	  0.010535	
  0.037500	  0.952948	  0.004689	  0.004863	
  0.017204	  0.003197	  0.971054	  0.008546	
  0.023572	  0.918412	  0.018820	  0.039196	
  0.010336	  0.973445	  0.006679	  0.009540	
  0.581381	  0.053147	  0.243396	  0.122077	

MOTIF 4 ORA47_2-ORA47_2

letter-probability matrix: alength= 4 w= 8 nsites= 20 E= 0.0e+000
  0.095311	  0.131057	  0.726381	  0.047251	
  0.015609	  0.928378	  0.010658	  0.045357	
  0.068140	  0.007972	  0.917632	  0.006255	
  0.005261	  0.959216	  0.030958	  0.004565	
  0.013917	  0.972751	  0.009862	  0.003470	
  0.012027	  0.003595	  0.971555	  0.012823	
  0.249639	  0.648868	  0.049465	  0.052027	
  0.040983	  0.923495	  0.009963	  0.025560	

MOTIF 5 RAP2.6-RAP2.6

letter-probability matrix: alength= 4 w= 8 nsites= 20 E= 0.0e+000
  0.035211	  0.271157	  0.679117	  0.014515	
  0.027848	  0.954739	  0.008570	  0.008843	
  0.007948	  0.003893	  0.985585	  0.002575	
  0.002376	  0.891245	  0.104600	  0.001779	
  0.012725	  0.981702	  0.003595	  0.001978	
  0.004963	  0.004789	  0.986679	  0.003570	
  0.020583	  0.943600	  0.015235	  0.020583	
  0.066754	  0.918321	  0.004092	  0.010833	

MOTIF 6 RRTF1_3ary-RRTF1_3ary

letter-probability matrix: alength= 4 w= 8 nsites= 20 E= 0.0e+000
  0.053022	  0.916231	  0.019614	  0.011132	
  0.003470	  0.005286	  0.985685	  0.005560	
  0.005162	  0.964391	  0.026779	  0.003669	
  0.019492	  0.969164	  0.004192	  0.007153	
  0.009341	  0.009963	  0.975236	  0.005460	
  0.062973	  0.808570	  0.015137	  0.113321	
  0.170916	  0.763816	  0.005883	  0.059385	
  0.806275	  0.041501	  0.078114	  0.074110	

MOTIF 7 DEAR4_2-DEAR4_2

letter-probability matrix: alength= 4 w= 8 nsites= 20 E= 0.0e+000
  0.033420	  0.128470	  0.754440	  0.083669	
  0.022575	  0.938818	  0.015535	  0.023072	
  0.116903	  0.006580	  0.868868	  0.007649	
  0.006556	  0.909058	  0.079224	  0.005162	
  0.004963	  0.977326	  0.010460	  0.007251	
  0.010037	  0.008470	  0.948868	  0.032624	
  0.008743	  0.835451	  0.086272	  0.069533	
  0.033815	  0.856544	  0.017324	  0.092317	

MOTIF 8 RRTF1-RRTF1

letter-probability matrix: alength= 4 w= 8 nsites= 20 E= 0.0e+000
  0.039196	  0.287305	  0.659481	  0.014018	
  0.050535	  0.932649	  0.009565	  0.007251	
  0.003968	  0.006182	  0.985784	  0.004067	
  0.003570	  0.824092	  0.169266	  0.003072	
  0.013619	  0.978520	  0.004092	  0.003769	
  0.004863	  0.014141	  0.975139	  0.005858	
  0.038889	  0.859230	  0.014937	  0.086944	
  0.206434	  0.770881	  0.004092	  0.018593	

MOTIF 9 RAP2.3-RAP2.3

letter-probability matrix: alength= 4 w= 8 nsites= 20 E= 0.0e+000
  0.118893	  0.231953	  0.541505	  0.107649	
  0.147152	  0.759216	  0.034739	  0.058893	
  0.007450	  0.008072	  0.978918	  0.005560	
  0.006754	  0.744391	  0.244192	  0.004664	
  0.017202	  0.973744	  0.005386	  0.003669	
  0.006654	  0.004391	  0.973246	  0.015709	
  0.109142	  0.777923	  0.027177	  0.085759	
  0.256829	  0.662367	  0.007178	  0.073626	

MOTIF 10 DEAR3-DEAR3

letter-probability matrix: alength= 4 w= 8 nsites= 20 E= 0.0e+000
  0.148062	  0.784867	  0.025587	  0.041484	
  0.334117	  0.016132	  0.631953	  0.017798	
  0.028047	  0.885883	  0.059117	  0.026953	
  0.039693	  0.930652	  0.020711	  0.008944	
  0.066157	  0.044888	  0.862201	  0.026754	
  0.319359	  0.522747	  0.056822	  0.101072	
  0.070037	  0.825087	  0.069764	  0.035112	
  0.100485	  0.416530	  0.329167	  0.153818	

MOTIF 11 RAP2.3_2-RAP2.3_2

letter-probability matrix: alength= 4 w= 8 nsites= 20 E= 0.0e+000
  0.340883	  0.564391	  0.037724	  0.057002	
  0.004664	  0.004988	  0.985286	  0.005062	
  0.005460	  0.956828	  0.029266	  0.008445	
  0.010633	  0.973945	  0.010658	  0.004764	
  0.006554	  0.015235	  0.969070	  0.009141	
  0.024764	  0.863296	  0.031455	  0.080485	
  0.280159	  0.667408	  0.006778	  0.045655	
  0.620248	  0.071562	  0.108879	  0.199311	

MOTIF 12 RRTF1_2-RRTF1_2

letter-probability matrix: alength= 4 w= 8 nsites= 20 E= 0.0e+000
  0.099500	  0.864577	  0.022999	  0.012924	
  0.004266	  0.007674	  0.983694	  0.004366	
  0.005560	  0.971060	  0.018120	  0.005261	
  0.013520	  0.977127	  0.005386	  0.003968	
  0.005062	  0.006877	  0.981507	  0.006554	
  0.028545	  0.904888	  0.019216	  0.047351	
  0.442917	  0.541360	  0.005286	  0.010436	
  0.899092	  0.020012	  0.028769	  0.052127	

MOTIF 13 ATERF1-ATERF1

letter-probability matrix: alength= 4 w= 8 nsites= 20 E= 0.0e+000
  0.043470	  0.146480	  0.707973	  0.102077	
  0.186654	  0.601007	  0.147674	  0.064664	
  0.032229	  0.019218	  0.930055	  0.018497	
  0.040481	  0.482353	  0.376990	  0.100177	
  0.058893	  0.845386	  0.051654	  0.044067	
  0.065361	  0.093346	  0.731953	  0.109341	
  0.079391	  0.514042	  0.347077	  0.059490	
  0.066356	  0.798022	  0.097923	  0.037699	

MOTIF 14 RAP2.3_3ary-RAP2.3_3ary

letter-probability matrix: alength= 4 w= 8 nsites= 20 E= 0.0e+000
  0.207152	  0.701007	  0.029863	  0.061978	
  0.005659	  0.003495	  0.986381	  0.004465	
  0.003172	  0.971951	  0.013944	  0.010934	
  0.082177	  0.911555	  0.003296	  0.002973	
  0.007550	  0.229266	  0.756231	  0.006953	
  0.157102	  0.696629	  0.041605	  0.104664	
  0.078296	  0.900808	  0.003296	  0.017600	
  0.725560	  0.037823	  0.061406	  0.175211	

MOTIF 15 DREB2C-DREB2C

letter-probability matrix: alength= 4 w= 8 nsites= 20 E= 0.0e+000
  0.027851	  0.017029	  0.928065	  0.027055	
  0.005361	  0.956824	  0.006581	  0.031234	
  0.006655	  0.048674	  0.939608	  0.005062	
  0.022378	  0.005983	  0.968766	  0.002873	
  0.002873	  0.968766	  0.005983	  0.022378	
  0.005062	  0.939608	  0.048674	  0.006655	
  0.031234	  0.006581	  0.956824	  0.005361	
  0.027055	  0.928065	  0.017029	  0.027851	

MOTIF 16 ATERF1_2-ATERF1_2

letter-probability matrix: alength= 4 w= 8 nsites= 20 E= 0.0e+000
  0.140585	  0.148271	  0.116729	  0.594415	
  0.044565	  0.004092	  0.938619	  0.012724	
  0.029736	  0.895346	  0.061002	  0.013917	
  0.010236	  0.942400	  0.008669	  0.038694	
  0.038694	  0.008669	  0.942400	  0.010236	
  0.013917	  0.061002	  0.895346	  0.029736	
  0.012724	  0.938619	  0.004092	  0.044565	
  0.594415	  0.116729	  0.148271	  0.140585	

MOTIF 17 DREB2C_2-DREB2C_2

letter-probability matrix: alength= 4 w= 8 nsites= 20 E= 0.0e+000
  0.110037	  0.754440	  0.121903	  0.013619	
  0.805659	  0.004988	  0.185784	  0.003570	
  0.005062	  0.981503	  0.004590	  0.008844	
  0.008246	  0.982301	  0.004789	  0.004664	
  0.009143	  0.004988	  0.980906	  0.004963	
  0.772746	  0.159101	  0.048366	  0.019787	
  0.006157	  0.974042	  0.006381	  0.013420	
  0.803172	  0.051654	  0.028172	  0.117002	

MOTIF 18 TTWTTTWT-MEME-2

letter-probability matrix: alength= 4 w= 8 nsites= 69 E= 4.3e-018
  0.159420	  0.000000	  0.000000	  0.840580	
  0.028986	  0.000000	  0.000000	  0.971014	
  0.333333	  0.000000	  0.000000	  0.666667	
  0.115942	  0.202899	  0.000000	  0.681159	
  0.130435	  0.086957	  0.000000	  0.782609	
  0.057971	  0.000000	  0.000000	  0.942029	
  0.507246	  0.000000	  0.000000	  0.492754	
  0.000000	  0.000000	  0.000000	  1.000000	

MOTIF 19 RAP2.6_3ary-RAP2.6_3ary

letter-probability matrix: alength= 4 w= 8 nsites= 20 E= 0.0e+000
  0.687848	  0.095833	  0.080610	  0.135709	
  0.134316	  0.025684	  0.130560	  0.709440	
  0.142276	  0.009963	  0.713445	  0.134316	
  0.677600	  0.081207	  0.070958	  0.170236	
  0.011132	  0.972152	  0.005286	  0.011430	
  0.003968	  0.009963	  0.957127	  0.028943	
  0.011330	  0.011653	  0.965588	  0.011429	
  0.007749	  0.958818	  0.004590	  0.028843	

MOTIF 20 At1g77200-At1g77200

letter-probability matrix: alength= 4 w= 8 nsites= 20 E= 0.0e+000
  0.080585	  0.752948	  0.041505	  0.124963	
  0.743296	  0.002898	  0.251928	  0.001878	
  0.002774	  0.989366	  0.002699	  0.005162	
  0.003570	  0.989963	  0.002799	  0.003669	
  0.004565	  0.002898	  0.989566	  0.002973	
  0.984764	  0.003993	  0.002898	  0.008346	
  0.003072	  0.988770	  0.002599	  0.005560	
  0.884366	  0.004092	  0.102102	  0.009440	

MOTIF 21 DEAR4-DEAR4

letter-probability matrix: alength= 4 w= 8 nsites= 20 E= 0.0e+000
  0.022875	  0.952347	  0.012551	  0.012227	
  0.791928	  0.002002	  0.202799	  0.003271	
  0.003172	  0.989863	  0.003893	  0.003072	
  0.018992	  0.977127	  0.002201	  0.001679	
  0.002177	  0.004490	  0.989366	  0.003968	
  0.980883	  0.007774	  0.002500	  0.008843	
  0.004664	  0.983795	  0.002002	  0.009539	
  0.844963	  0.122799	  0.013744	  0.018495	

MOTIF 22 GCAGCAGC-MEME-3

letter-probability matrix: alength= 4 w= 8 nsites= 61 E= 4.4e-005
  0.000000	  0.000000	  1.000000	  0.000000	
  0.000000	  1.000000	  0.000000	  0.000000	
  1.000000	  0.000000	  0.000000	  0.000000	
  0.000000	  0.000000	  1.000000	  0.000000	
  0.000000	  1.000000	  0.000000	  0.000000	
  1.000000	  0.000000	  0.000000	  0.000000	
  0.000000	  0.000000	  1.000000	  0.000000	
  0.000000	  0.754098	  0.000000	  0.245902	

MOTIF 23 RAP2.6_2-RAP2.6_2

letter-probability matrix: alength= 4 w= 8 nsites= 20 E= 0.0e+000
  0.560883	  0.059017	  0.290659	  0.089440	
  0.053221	  0.005883	  0.932152	  0.008744	
  0.016702	  0.942903	  0.018816	  0.021578	
  0.012923	  0.932948	  0.046182	  0.007948	
  0.033122	  0.006580	  0.951455	  0.008843	
  0.052326	  0.771754	  0.072251	  0.103669	
  0.489193	  0.455788	  0.015036	  0.039984	
  0.673190	  0.152366	  0.013347	  0.161098	

MOTIF 24 1-CAGCAGCA-STREME-1

letter-probability matrix: alength= 4 w= 8 nsites= 118 E= 2.3e-002
  0.019529	  0.870830	  0.071626	  0.038015	
  0.996980	  0.001202	  0.001202	  0.000617	
  0.036142	  0.050210	  0.848523	  0.065125	
  0.009942	  0.923271	  0.059954	  0.006834	
  0.996980	  0.001202	  0.001202	  0.000617	
  0.002666	  0.053533	  0.943184	  0.000617	
  0.046340	  0.823127	  0.065709	  0.064824	
  0.787807	  0.087499	  0.001202	  0.123492	

