MEME version 5.5.5 (Thu Sep 14 08:48:04 2023 +1000)

ALPHABET= ACGT

strands: + -

Background letter frequencies (from file `meme_chip_analysis/new_analysis/meme_chip_analysis/new_analysis/EREB71_max_8/background'):
A 0.19450 C 0.30550 G 0.30550 T 0.19450 

MOTIF 1 CGCCGCCC-MEME-1

letter-probability matrix: alength= 4 w= 8 nsites= 847 E= 3.8e-187
  0.053129	  0.757969	  0.099174	  0.089728	
  0.259740	  0.022432	  0.717828	  0.000000	
  0.000000	  1.000000	  0.000000	  0.000000	
  0.000000	  1.000000	  0.000000	  0.000000	
  0.000000	  0.000000	  0.997639	  0.002361	
  0.127509	  0.508855	  0.240850	  0.122786	
  0.000000	  1.000000	  0.000000	  0.000000	
  0.101535	  0.748524	  0.149941	  0.000000	

MOTIF 2 ORA47_2-ORA47_2

letter-probability matrix: alength= 4 w= 8 nsites= 20 E= 0.0e+000
  0.095395	  0.130973	  0.726296	  0.047336	
  0.015693	  0.928293	  0.010574	  0.045441	
  0.068224	  0.007887	  0.917548	  0.006340	
  0.005346	  0.959132	  0.030873	  0.004649	
  0.014002	  0.972666	  0.009778	  0.003555	
  0.012112	  0.003510	  0.971470	  0.012908	
  0.249724	  0.648784	  0.049381	  0.052112	
  0.041067	  0.923410	  0.009878	  0.025644	

MOTIF 3 DEAR4_2-DEAR4_2

letter-probability matrix: alength= 4 w= 8 nsites= 20 E= 0.0e+000
  0.033505	  0.128386	  0.754356	  0.083754	
  0.022659	  0.938734	  0.015450	  0.023157	
  0.116988	  0.006495	  0.868784	  0.007734	
  0.006640	  0.908974	  0.079140	  0.005246	
  0.005047	  0.977241	  0.010376	  0.007336	
  0.010122	  0.008386	  0.948784	  0.032709	
  0.008827	  0.835367	  0.086188	  0.069617	
  0.033900	  0.856459	  0.017239	  0.092401	

MOTIF 4 RAP2.6-RAP2.6

letter-probability matrix: alength= 4 w= 8 nsites= 20 E= 0.0e+000
  0.035296	  0.271072	  0.679032	  0.014599	
  0.027933	  0.954654	  0.008485	  0.008928	
  0.008032	  0.003808	  0.985500	  0.002659	
  0.002460	  0.891161	  0.104515	  0.001863	
  0.012809	  0.981617	  0.003510	  0.002062	
  0.005047	  0.004704	  0.986595	  0.003654	
  0.020667	  0.943515	  0.015151	  0.020667	
  0.066838	  0.918236	  0.004007	  0.010918	

MOTIF 5 DEAR3-DEAR3

letter-probability matrix: alength= 4 w= 8 nsites= 20 E= 0.0e+000
  0.148147	  0.784783	  0.025502	  0.041569	
  0.334201	  0.016047	  0.631868	  0.017883	
  0.028132	  0.885799	  0.059032	  0.027037	
  0.039778	  0.930568	  0.020626	  0.009028	
  0.066241	  0.044804	  0.862117	  0.026838	
  0.319443	  0.522662	  0.056738	  0.101157	
  0.070122	  0.825002	  0.069679	  0.035196	
  0.100570	  0.416445	  0.329082	  0.153903	

MOTIF 6 RAP2.3-RAP2.3

letter-probability matrix: alength= 4 w= 8 nsites= 20 E= 0.0e+000
  0.118978	  0.231868	  0.541420	  0.107734	
  0.147236	  0.759132	  0.034654	  0.058978	
  0.007535	  0.007988	  0.978833	  0.005644	
  0.006838	  0.744306	  0.244107	  0.004749	
  0.017286	  0.973659	  0.005301	  0.003754	
  0.006739	  0.004306	  0.973162	  0.015793	
  0.109226	  0.777838	  0.027092	  0.085843	
  0.256914	  0.662282	  0.007093	  0.073711	

MOTIF 7 ATERF1-ATERF1

letter-probability matrix: alength= 4 w= 8 nsites= 20 E= 0.0e+000
  0.043555	  0.146396	  0.707888	  0.102162	
  0.186739	  0.600923	  0.147590	  0.064749	
  0.032314	  0.019134	  0.929971	  0.018582	
  0.040566	  0.482268	  0.376905	  0.100261	
  0.058978	  0.845301	  0.051570	  0.044152	
  0.065445	  0.093261	  0.731868	  0.109425	
  0.079475	  0.513958	  0.346993	  0.059575	
  0.066440	  0.797938	  0.097838	  0.037784	

MOTIF 8 RRTF1-RRTF1

letter-probability matrix: alength= 4 w= 8 nsites= 20 E= 0.0e+000
  0.039280	  0.287220	  0.659397	  0.014103	
  0.050619	  0.932565	  0.009480	  0.007336	
  0.004052	  0.006097	  0.985699	  0.004152	
  0.003654	  0.824007	  0.169182	  0.003157	
  0.013704	  0.978435	  0.004007	  0.003853	
  0.004948	  0.014056	  0.975054	  0.005943	
  0.038974	  0.859146	  0.014852	  0.087028	
  0.206519	  0.770797	  0.004007	  0.018677	

MOTIF 9 ERF1-ERF1

letter-probability matrix: alength= 4 w= 8 nsites= 20 E= 0.0e+000
  0.417742	  0.540073	  0.028283	  0.013902	
  0.008332	  0.007989	  0.977737	  0.005944	
  0.005843	  0.973162	  0.010376	  0.010619	
  0.037585	  0.952863	  0.004604	  0.004948	
  0.017288	  0.003112	  0.970970	  0.008630	
  0.023656	  0.918328	  0.018736	  0.039280	
  0.010420	  0.973361	  0.006595	  0.009624	
  0.581465	  0.053062	  0.243311	  0.122162	

MOTIF 10 1-CRCCGCCC-STREME-1

letter-probability matrix: alength= 4 w= 8 nsites= 446 E= 7.6e-004
  0.000176	  0.954834	  0.000307	  0.044683	
  0.580574	  0.017339	  0.401910	  0.000176	
  0.000176	  0.999341	  0.000307	  0.000176	
  0.039911	  0.959606	  0.000307	  0.000176	
  0.007252	  0.001013	  0.991559	  0.000176	
  0.168563	  0.680771	  0.023052	  0.127614	
  0.000176	  0.992658	  0.000307	  0.006858	
  0.135838	  0.863679	  0.000307	  0.000176	

MOTIF 11 2-GCCGGCC-STREME-2

letter-probability matrix: alength= 4 w= 7 nsites= 225 E= 2.5e-003
  0.016573	  0.028882	  0.937973	  0.016573	
  0.016573	  0.937973	  0.028882	  0.016573	
  0.016573	  0.937973	  0.028882	  0.016573	
  0.016573	  0.028882	  0.937973	  0.016573	
  0.016573	  0.028882	  0.937973	  0.016573	
  0.016573	  0.937973	  0.028882	  0.016573	
  0.016573	  0.937973	  0.028882	  0.016573	

MOTIF 12 RAP2.3_2-RAP2.3_2

letter-probability matrix: alength= 4 w= 8 nsites= 20 E= 0.0e+000
  0.340968	  0.564306	  0.037639	  0.057087	
  0.004749	  0.004903	  0.985201	  0.005147	
  0.005545	  0.956744	  0.029182	  0.008530	
  0.010718	  0.973860	  0.010574	  0.004848	
  0.006638	  0.015151	  0.968986	  0.009225	
  0.024848	  0.863211	  0.031371	  0.080570	
  0.280243	  0.667324	  0.006693	  0.045740	
  0.620333	  0.071477	  0.108795	  0.199396	

MOTIF 13 RRTF1_3ary-RRTF1_3ary

letter-probability matrix: alength= 4 w= 8 nsites= 20 E= 0.0e+000
  0.053107	  0.916147	  0.019530	  0.011216	
  0.003555	  0.005201	  0.985600	  0.005644	
  0.005246	  0.964306	  0.026694	  0.003754	
  0.019577	  0.969079	  0.004107	  0.007237	
  0.009425	  0.009878	  0.975152	  0.005545	
  0.063057	  0.808485	  0.015052	  0.113405	
  0.171000	  0.763732	  0.005799	  0.059469	
  0.806360	  0.041416	  0.078029	  0.074194	

MOTIF 14 ATERF1_2-ATERF1_2

letter-probability matrix: alength= 4 w= 8 nsites= 20 E= 0.0e+000
  0.140669	  0.148187	  0.116644	  0.594500	
  0.044649	  0.004007	  0.938535	  0.012809	
  0.029820	  0.895261	  0.060917	  0.014002	
  0.010321	  0.942316	  0.008585	  0.038779	
  0.038779	  0.008585	  0.942316	  0.010321	
  0.014002	  0.060917	  0.895261	  0.029820	
  0.012809	  0.938535	  0.004007	  0.044649	
  0.594500	  0.116644	  0.148187	  0.140669	

MOTIF 15 RAP2.3_3ary-RAP2.3_3ary

letter-probability matrix: alength= 4 w= 8 nsites= 20 E= 0.0e+000
  0.207236	  0.700923	  0.029779	  0.062062	
  0.005744	  0.003410	  0.986296	  0.004550	
  0.003256	  0.971866	  0.013859	  0.011018	
  0.082261	  0.911470	  0.003211	  0.003057	
  0.007634	  0.229182	  0.756147	  0.007037	
  0.157187	  0.696545	  0.041520	  0.104749	
  0.078381	  0.900724	  0.003211	  0.017684	
  0.725644	  0.037739	  0.061321	  0.175296	

MOTIF 16 DREB2C-DREB2C

letter-probability matrix: alength= 4 w= 8 nsites= 20 E= 0.0e+000
  0.027936	  0.016945	  0.927981	  0.027140	
  0.005445	  0.956740	  0.006496	  0.031319	
  0.006740	  0.048590	  0.939524	  0.005147	
  0.022462	  0.005898	  0.968681	  0.002958	
  0.002958	  0.968681	  0.005898	  0.022462	
  0.005147	  0.939524	  0.048590	  0.006740	
  0.031319	  0.006496	  0.956740	  0.005445	
  0.027140	  0.927981	  0.016945	  0.027936	

MOTIF 17 RRTF1_2-RRTF1_2

letter-probability matrix: alength= 4 w= 8 nsites= 20 E= 0.0e+000
  0.099585	  0.864492	  0.022915	  0.013008	
  0.004351	  0.007590	  0.983609	  0.004450	
  0.005644	  0.970976	  0.018035	  0.005346	
  0.013605	  0.977042	  0.005301	  0.004052	
  0.005147	  0.006793	  0.981422	  0.006638	
  0.028629	  0.904803	  0.019132	  0.047435	
  0.443001	  0.541275	  0.005201	  0.010521	
  0.899177	  0.019928	  0.028684	  0.052211	

MOTIF 18 ORA47-ORA47

letter-probability matrix: alength= 4 w= 8 nsites= 20 E= 0.0e+000
  0.579077	  0.002316	  0.411769	  0.006838	
  0.002162	  0.989381	  0.003709	  0.004749	
  0.007336	  0.986993	  0.003410	  0.002261	
  0.003356	  0.003211	  0.990076	  0.003356	
  0.715666	  0.009780	  0.066403	  0.208153	
  0.003754	  0.987988	  0.002515	  0.005744	
  0.044454	  0.940021	  0.002415	  0.013108	
  0.732683	  0.011869	  0.070980	  0.184468	

MOTIF 19 TTTTWTTT-MEME-2

letter-probability matrix: alength= 4 w= 8 nsites= 119 E= 3.5e-060
  0.092437	  0.000000	  0.000000	  0.907563	
  0.008403	  0.000000	  0.000000	  0.991597	
  0.000000	  0.067227	  0.000000	  0.932773	
  0.042017	  0.058824	  0.067227	  0.831933	
  0.336134	  0.016807	  0.100840	  0.546218	
  0.000000	  0.100840	  0.025210	  0.873950	
  0.025210	  0.000000	  0.000000	  0.974790	
  0.084034	  0.000000	  0.000000	  0.915966	

MOTIF 20 RAP2.6_2-RAP2.6_2

letter-probability matrix: alength= 4 w= 8 nsites= 20 E= 0.0e+000
  0.560968	  0.058933	  0.290575	  0.089525	
  0.053306	  0.005799	  0.932067	  0.008828	
  0.016787	  0.942818	  0.018732	  0.021662	
  0.013007	  0.932863	  0.046097	  0.008032	
  0.033206	  0.006495	  0.951371	  0.008928	
  0.052410	  0.771669	  0.072167	  0.103754	
  0.489277	  0.455703	  0.014952	  0.040068	
  0.673274	  0.152281	  0.013262	  0.161183	

MOTIF 21 RAP2.6_3ary-RAP2.6_3ary

letter-probability matrix: alength= 4 w= 8 nsites= 20 E= 0.0e+000
  0.687933	  0.095749	  0.080525	  0.135794	
  0.134400	  0.025600	  0.130475	  0.709525	
  0.142361	  0.009878	  0.713361	  0.134400	
  0.677684	  0.081122	  0.070873	  0.170321	
  0.011216	  0.972067	  0.005201	  0.011515	
  0.004052	  0.009878	  0.957042	  0.029027	
  0.011414	  0.011569	  0.965503	  0.011514	
  0.007833	  0.958734	  0.004505	  0.028928	

MOTIF 22 DREB2C_2-DREB2C_2

letter-probability matrix: alength= 4 w= 8 nsites= 20 E= 0.0e+000
  0.110122	  0.754356	  0.121818	  0.013704	
  0.805744	  0.004903	  0.185699	  0.003654	
  0.005147	  0.981418	  0.004505	  0.008929	
  0.008331	  0.982216	  0.004704	  0.004749	
  0.009227	  0.004903	  0.980821	  0.005047	
  0.772830	  0.159016	  0.048281	  0.019871	
  0.006241	  0.973958	  0.006296	  0.013505	
  0.803256	  0.051570	  0.028087	  0.117087	

MOTIF 23 DEAR3_2-DEAR3_2

letter-probability matrix: alength= 4 w= 8 nsites= 20 E= 0.0e+000
  0.119575	  0.165102	  0.594654	  0.120669	
  0.590380	  0.095857	  0.114864	  0.198898	
  0.878082	  0.012565	  0.094057	  0.015296	
  0.014200	  0.959235	  0.011171	  0.015395	
  0.028032	  0.952664	  0.009779	  0.009525	
  0.032311	  0.019331	  0.937341	  0.011017	
  0.817883	  0.078137	  0.063211	  0.040769	
  0.018781	  0.954153	  0.005998	  0.021069	

MOTIF 24 3-AAGSAA-STREME-3

letter-probability matrix: alength= 4 w= 6 nsites= 296 E= 2.7e-002
  0.997142	  0.001110	  0.001110	  0.000637	
  0.997142	  0.001110	  0.001110	  0.000637	
  0.000637	  0.273226	  0.680036	  0.046101	
  0.000637	  0.612934	  0.318633	  0.067796	
  0.661776	  0.001110	  0.160236	  0.176877	
  0.997142	  0.001110	  0.001110	  0.000637	

