MEME version 5.5.5 (Thu Sep 14 08:48:04 2023 +1000)

ALPHABET= ACGT

strands: + -

Background letter frequencies (from file `meme_chip_analysis/new_analysis/meme_chip_analysis/new_analysis/EREB97_max_8/background'):
A 0.14760 C 0.35240 G 0.35240 T 0.14760 

MOTIF 1 CGCCGCCG-MEME-1

letter-probability matrix: alength= 4 w= 8 nsites= 1000 E= 2.5e-809
  0.002000	  0.971000	  0.009000	  0.018000	
  0.002000	  0.000000	  0.993000	  0.005000	
  0.003000	  0.982000	  0.014000	  0.001000	
  0.003000	  0.995000	  0.001000	  0.001000	
  0.009000	  0.004000	  0.987000	  0.000000	
  0.000000	  0.936000	  0.000000	  0.064000	
  0.001000	  0.993000	  0.000000	  0.006000	
  0.130000	  0.015000	  0.811000	  0.044000	

MOTIF 2 GCCGCCGC-MEME-3

letter-probability matrix: alength= 4 w= 8 nsites= 653 E= 4.1e-073
  0.027565	  0.107198	  0.865237	  0.000000	
  0.000000	  1.000000	  0.000000	  0.000000	
  0.000000	  1.000000	  0.000000	  0.000000	
  0.038285	  0.015314	  0.946401	  0.000000	
  0.000000	  0.874426	  0.000000	  0.125574	
  0.000000	  1.000000	  0.000000	  0.000000	
  0.116386	  0.000000	  0.803982	  0.079632	
  0.000000	  0.807044	  0.000000	  0.192956	

MOTIF 3 1-CGCCGCCR-STREME-1

letter-probability matrix: alength= 4 w= 8 nsites= 907 E= 5.3e-010
  0.000997	  0.990233	  0.007763	  0.001008	
  0.001132	  0.000389	  0.998128	  0.000351	
  0.001376	  0.992364	  0.005833	  0.000427	
  0.000717	  0.998835	  0.000215	  0.000233	
  0.008639	  0.015590	  0.969315	  0.006456	
  0.009447	  0.882652	  0.006821	  0.101080	
  0.009187	  0.973692	  0.002752	  0.014369	
  0.551504	  0.008700	  0.385527	  0.054269	

MOTIF 4 RAP2.6-RAP2.6

letter-probability matrix: alength= 4 w= 8 nsites= 20 E= 0.0e+000
  0.035063	  0.271305	  0.679266	  0.014366	
  0.027699	  0.954888	  0.008718	  0.008695	
  0.007799	  0.004042	  0.985733	  0.002426	
  0.002227	  0.891394	  0.104748	  0.001630	
  0.012576	  0.981851	  0.003743	  0.001829	
  0.004814	  0.004937	  0.986828	  0.003421	
  0.020434	  0.943748	  0.015384	  0.020434	
  0.066605	  0.918470	  0.004241	  0.010685	

MOTIF 5 RRTF1-RRTF1

letter-probability matrix: alength= 4 w= 8 nsites= 20 E= 0.0e+000
  0.039047	  0.287454	  0.659630	  0.013870	
  0.050386	  0.932798	  0.009713	  0.007102	
  0.003819	  0.006330	  0.985932	  0.003918	
  0.003421	  0.824241	  0.169415	  0.002923	
  0.013471	  0.978669	  0.004241	  0.003620	
  0.004714	  0.014290	  0.975288	  0.005709	
  0.038740	  0.859379	  0.015086	  0.086795	
  0.206286	  0.771030	  0.004241	  0.018444	

MOTIF 6 DREB2C-DREB2C

letter-probability matrix: alength= 4 w= 8 nsites= 20 E= 0.0e+000
  0.027703	  0.017178	  0.928214	  0.026906	
  0.005212	  0.956973	  0.006729	  0.031086	
  0.006506	  0.048823	  0.939757	  0.004913	
  0.022229	  0.006131	  0.968914	  0.002724	
  0.002724	  0.968914	  0.006131	  0.022229	
  0.004913	  0.939757	  0.048823	  0.006506	
  0.031086	  0.006729	  0.956973	  0.005212	
  0.026906	  0.928214	  0.017178	  0.027703	

MOTIF 7 ERF1-ERF1

letter-probability matrix: alength= 4 w= 8 nsites= 20 E= 0.0e+000
  0.417508	  0.540306	  0.028516	  0.013669	
  0.008099	  0.008222	  0.977970	  0.005710	
  0.005610	  0.973395	  0.010609	  0.010386	
  0.037351	  0.953097	  0.004838	  0.004714	
  0.017055	  0.003345	  0.971203	  0.008397	
  0.023423	  0.918561	  0.018969	  0.039047	
  0.010187	  0.973594	  0.006828	  0.009391	
  0.581232	  0.053296	  0.243544	  0.121928	

MOTIF 8 DEAR4_2-DEAR4_2

letter-probability matrix: alength= 4 w= 8 nsites= 20 E= 0.0e+000
  0.033272	  0.128619	  0.754589	  0.083520	
  0.022426	  0.938967	  0.015684	  0.022923	
  0.116754	  0.006728	  0.869017	  0.007501	
  0.006407	  0.909207	  0.079373	  0.005013	
  0.004814	  0.977475	  0.010609	  0.007102	
  0.009889	  0.008619	  0.949017	  0.032476	
  0.008594	  0.835600	  0.086421	  0.069384	
  0.033667	  0.856693	  0.017473	  0.092168	

MOTIF 9 ATERF1-ATERF1

letter-probability matrix: alength= 4 w= 8 nsites= 20 E= 0.0e+000
  0.043321	  0.146629	  0.708121	  0.101928	
  0.186505	  0.601156	  0.147823	  0.064515	
  0.032081	  0.019367	  0.930204	  0.018348	
  0.040332	  0.482501	  0.377138	  0.100028	
  0.058744	  0.845534	  0.051803	  0.043918	
  0.065212	  0.093494	  0.732101	  0.109192	
  0.079242	  0.514191	  0.347226	  0.059341	
  0.066207	  0.798171	  0.098072	  0.037550	

MOTIF 10 RRTF1_3ary-RRTF1_3ary

letter-probability matrix: alength= 4 w= 8 nsites= 20 E= 0.0e+000
  0.052874	  0.916380	  0.019763	  0.010983	
  0.003321	  0.005435	  0.985834	  0.005411	
  0.005013	  0.964539	  0.026927	  0.003520	
  0.019343	  0.969312	  0.004340	  0.007004	
  0.009192	  0.010111	  0.975385	  0.005311	
  0.062824	  0.808718	  0.015286	  0.113172	
  0.170767	  0.763965	  0.006032	  0.059236	
  0.806126	  0.041650	  0.078263	  0.073961	

MOTIF 11 RAP2.3-RAP2.3

letter-probability matrix: alength= 4 w= 8 nsites= 20 E= 0.0e+000
  0.118744	  0.232101	  0.541654	  0.107500	
  0.147003	  0.759365	  0.034888	  0.058744	
  0.007301	  0.008221	  0.979067	  0.005411	
  0.006605	  0.744539	  0.244340	  0.004515	
  0.017053	  0.973893	  0.005534	  0.003520	
  0.006505	  0.004539	  0.973395	  0.015560	
  0.108993	  0.778072	  0.027325	  0.085610	
  0.256681	  0.662515	  0.007326	  0.073478	

MOTIF 12 ORA47_2-ORA47_2

letter-probability matrix: alength= 4 w= 8 nsites= 20 E= 0.0e+000
  0.095162	  0.131206	  0.726529	  0.047102	
  0.015460	  0.928526	  0.010807	  0.045208	
  0.067991	  0.008120	  0.917781	  0.006106	
  0.005112	  0.959365	  0.031106	  0.004416	
  0.013768	  0.972900	  0.010011	  0.003321	
  0.011879	  0.003743	  0.971703	  0.012675	
  0.249491	  0.649017	  0.049614	  0.051879	
  0.040834	  0.923644	  0.010111	  0.025411	

MOTIF 13 RAP2.3_2-RAP2.3_2

letter-probability matrix: alength= 4 w= 8 nsites= 20 E= 0.0e+000
  0.340734	  0.564539	  0.037873	  0.056854	
  0.004515	  0.005136	  0.985435	  0.004913	
  0.005311	  0.956977	  0.029415	  0.008297	
  0.010485	  0.974094	  0.010807	  0.004615	
  0.006405	  0.015384	  0.969219	  0.008992	
  0.024615	  0.863445	  0.031604	  0.080336	
  0.280010	  0.667557	  0.006926	  0.045506	
  0.620100	  0.071710	  0.109028	  0.199162	

MOTIF 14 DEAR3-DEAR3

letter-probability matrix: alength= 4 w= 8 nsites= 20 E= 0.0e+000
  0.147913	  0.785016	  0.025735	  0.041335	
  0.333968	  0.016281	  0.632101	  0.017650	
  0.027898	  0.886032	  0.059266	  0.026804	
  0.039544	  0.930801	  0.020860	  0.008795	
  0.066008	  0.045037	  0.862350	  0.026605	
  0.319210	  0.522896	  0.056971	  0.100923	
  0.069889	  0.825236	  0.069912	  0.034963	
  0.100336	  0.416679	  0.329315	  0.153670	

MOTIF 15 RRTF1_2-RRTF1_2

letter-probability matrix: alength= 4 w= 8 nsites= 20 E= 0.0e+000
  0.099351	  0.864725	  0.023148	  0.012775	
  0.004117	  0.007823	  0.983843	  0.004217	
  0.005411	  0.971209	  0.018269	  0.005112	
  0.013371	  0.977276	  0.005534	  0.003819	
  0.004913	  0.007026	  0.981656	  0.006405	
  0.028396	  0.905037	  0.019365	  0.047202	
  0.442768	  0.541508	  0.005435	  0.010288	
  0.898943	  0.020161	  0.028917	  0.051978	

MOTIF 16 RAP2.3_3ary-RAP2.3_3ary

letter-probability matrix: alength= 4 w= 8 nsites= 20 E= 0.0e+000
  0.207003	  0.701156	  0.030012	  0.061829	
  0.005510	  0.003644	  0.986529	  0.004316	
  0.003023	  0.972100	  0.014093	  0.010785	
  0.082028	  0.911703	  0.003445	  0.002824	
  0.007401	  0.229415	  0.756380	  0.006804	
  0.156953	  0.696778	  0.041753	  0.104515	
  0.078147	  0.900957	  0.003445	  0.017451	
  0.725411	  0.037972	  0.061554	  0.175063	

MOTIF 17 CTSCTSCT-MEME-2

letter-probability matrix: alength= 4 w= 8 nsites= 299 E= 6.7e-119
  0.000000	  0.872910	  0.000000	  0.127090	
  0.000000	  0.000000	  0.000000	  1.000000	
  0.000000	  0.371237	  0.508361	  0.120401	
  0.000000	  1.000000	  0.000000	  0.000000	
  0.000000	  0.000000	  0.000000	  1.000000	
  0.023411	  0.451505	  0.451505	  0.073579	
  0.000000	  1.000000	  0.000000	  0.000000	
  0.207358	  0.000000	  0.000000	  0.792642	

MOTIF 18 ATERF1_2-ATERF1_2

letter-probability matrix: alength= 4 w= 8 nsites= 20 E= 0.0e+000
  0.140436	  0.148420	  0.116878	  0.594267	
  0.044416	  0.004241	  0.938768	  0.012575	
  0.029587	  0.895495	  0.061150	  0.013768	
  0.010088	  0.942549	  0.008818	  0.038545	
  0.038545	  0.008818	  0.942549	  0.010088	
  0.013768	  0.061150	  0.895495	  0.029587	
  0.012575	  0.938768	  0.004241	  0.044416	
  0.594267	  0.116878	  0.148420	  0.140436	

MOTIF 19 DREB2C_2-DREB2C_2

letter-probability matrix: alength= 4 w= 8 nsites= 20 E= 0.0e+000
  0.109889	  0.754589	  0.122052	  0.013471	
  0.805510	  0.005136	  0.185932	  0.003421	
  0.004913	  0.981652	  0.004738	  0.008696	
  0.008098	  0.982450	  0.004937	  0.004515	
  0.008994	  0.005136	  0.981055	  0.004814	
  0.772597	  0.159250	  0.048514	  0.019638	
  0.006008	  0.974191	  0.006529	  0.013272	
  0.803023	  0.051803	  0.028320	  0.116854	

MOTIF 20 RAP2.6_3ary-RAP2.6_3ary

letter-probability matrix: alength= 4 w= 8 nsites= 20 E= 0.0e+000
  0.687700	  0.095982	  0.080758	  0.135560	
  0.134167	  0.025833	  0.130708	  0.709292	
  0.142127	  0.010111	  0.713594	  0.134167	
  0.677451	  0.081355	  0.071107	  0.170088	
  0.010983	  0.972300	  0.005435	  0.011282	
  0.003819	  0.010111	  0.957276	  0.028794	
  0.011181	  0.011802	  0.965736	  0.011281	
  0.007600	  0.958967	  0.004738	  0.028695	

MOTIF 21 RAP2.6_2-RAP2.6_2

letter-probability matrix: alength= 4 w= 8 nsites= 20 E= 0.0e+000
  0.560734	  0.059166	  0.290808	  0.089291	
  0.053073	  0.006032	  0.932300	  0.008595	
  0.016553	  0.943052	  0.018965	  0.021429	
  0.012774	  0.933097	  0.046330	  0.007799	
  0.032973	  0.006728	  0.951604	  0.008695	
  0.052177	  0.771902	  0.072400	  0.103520	
  0.489044	  0.455936	  0.015185	  0.039835	
  0.673041	  0.152514	  0.013496	  0.160949	

MOTIF 22 DDF1-DDF1

letter-probability matrix: alength= 4 w= 8 nsites= 20 E= 0.0e+000
  0.974165	  0.003743	  0.016880	  0.005212	
  0.009591	  0.016681	  0.005136	  0.968592	
  0.006206	  0.002649	  0.987426	  0.003719	
  0.003819	  0.004440	  0.003544	  0.988197	
  0.003421	  0.988421	  0.003047	  0.005112	
  0.003023	  0.003345	  0.988819	  0.004814	
  0.169292	  0.002251	  0.826131	  0.002326	
  0.001530	  0.787922	  0.002947	  0.207600	

MOTIF 23 2-AGCAGSA-STREME-2

letter-probability matrix: alength= 4 w= 7 nsites= 629 E= 2.3e-002
  0.908405	  0.000332	  0.000332	  0.090931	
  0.076385	  0.042244	  0.881242	  0.000129	
  0.000129	  0.661145	  0.240385	  0.098341	
  0.901561	  0.000332	  0.042007	  0.056100	
  0.039989	  0.008683	  0.933622	  0.017706	
  0.031401	  0.373315	  0.519938	  0.075347	
  0.965327	  0.000332	  0.021928	  0.012413	

