MEME version 5.5.5 (Thu Sep 14 08:48:04 2023 +1000)

ALPHABET= ACGT

strands: + -

Background letter frequencies (from file `meme_chip_analysis/new_analysis/meme_chip_analysis/new_analysis/EREB172_max_8/background'):
A 0.15420 C 0.34580 G 0.34580 T 0.15420 

MOTIF 1 1-GGCGSCGCC-STREME-1

letter-probability matrix: alength= 4 w= 9 nsites= 422 E= 5.1e-006
  0.021500	  0.040590	  0.927527	  0.010383	
  0.105567	  0.221571	  0.589765	  0.083097	
  0.000125	  0.999451	  0.000298	  0.000125	
  0.000125	  0.003745	  0.993298	  0.002832	
  0.003192	  0.496808	  0.496808	  0.003192	
  0.002832	  0.993298	  0.003745	  0.000125	
  0.000125	  0.000298	  0.999451	  0.000125	
  0.083097	  0.589765	  0.221571	  0.105567	
  0.010383	  0.927527	  0.040590	  0.021500	

MOTIF 2 GCCGCCGC-MEME-1

letter-probability matrix: alength= 4 w= 8 nsites= 578 E= 2.1e-140
  0.000000	  0.000000	  1.000000	  0.000000	
  0.000000	  0.756055	  0.243945	  0.000000	
  0.064014	  0.935986	  0.000000	  0.000000	
  0.000000	  0.000000	  1.000000	  0.000000	
  0.000000	  0.870242	  0.000000	  0.129758	
  0.000000	  1.000000	  0.000000	  0.000000	
  0.000000	  0.000000	  1.000000	  0.000000	
  0.050173	  0.892734	  0.000000	  0.057093	

MOTIF 3 RAP2.6-RAP2.6

letter-probability matrix: alength= 4 w= 8 nsites= 20 E= 0.0e+000
  0.035096	  0.271273	  0.679233	  0.014399	
  0.027732	  0.954855	  0.008686	  0.008727	
  0.007832	  0.004009	  0.985700	  0.002459	
  0.002260	  0.891361	  0.104715	  0.001663	
  0.012609	  0.981818	  0.003710	  0.001862	
  0.004847	  0.004904	  0.986795	  0.003454	
  0.020467	  0.943715	  0.015351	  0.020467	
  0.066638	  0.918437	  0.004208	  0.010717	

MOTIF 4 DEAR4_2-DEAR4_2

letter-probability matrix: alength= 4 w= 8 nsites= 20 E= 0.0e+000
  0.033305	  0.128586	  0.754556	  0.083553	
  0.022459	  0.938934	  0.015651	  0.022956	
  0.116787	  0.006696	  0.868984	  0.007533	
  0.006440	  0.909174	  0.079340	  0.005046	
  0.004847	  0.977442	  0.010576	  0.007135	
  0.009921	  0.008586	  0.948984	  0.032509	
  0.008627	  0.835567	  0.086388	  0.069417	
  0.033700	  0.856660	  0.017440	  0.092201	

MOTIF 5 RRTF1-RRTF1

letter-probability matrix: alength= 4 w= 8 nsites= 20 E= 0.0e+000
  0.039080	  0.287421	  0.659597	  0.013902	
  0.050419	  0.932765	  0.009681	  0.007135	
  0.003852	  0.006298	  0.985900	  0.003951	
  0.003454	  0.824208	  0.169382	  0.002956	
  0.013503	  0.978636	  0.004208	  0.003653	
  0.004747	  0.014257	  0.975255	  0.005742	
  0.038773	  0.859346	  0.015053	  0.086828	
  0.206318	  0.770997	  0.004208	  0.018477	

MOTIF 6 ORA47_2-ORA47_2

letter-probability matrix: alength= 4 w= 8 nsites= 20 E= 0.0e+000
  0.095195	  0.131173	  0.726497	  0.047135	
  0.015492	  0.928494	  0.010774	  0.045241	
  0.068024	  0.008088	  0.917748	  0.006139	
  0.005145	  0.959332	  0.031074	  0.004449	
  0.013801	  0.972867	  0.009978	  0.003354	
  0.011911	  0.003710	  0.971671	  0.012708	
  0.249523	  0.648984	  0.049581	  0.051911	
  0.040867	  0.923611	  0.010079	  0.025444	

MOTIF 7 ATERF1-ATERF1

letter-probability matrix: alength= 4 w= 8 nsites= 20 E= 0.0e+000
  0.043354	  0.146596	  0.708089	  0.101961	
  0.186538	  0.601123	  0.147790	  0.064548	
  0.032113	  0.019334	  0.930171	  0.018381	
  0.040365	  0.482469	  0.377105	  0.100061	
  0.058777	  0.845501	  0.051770	  0.043951	
  0.065245	  0.093462	  0.732069	  0.109225	
  0.079275	  0.514158	  0.347193	  0.059374	
  0.066240	  0.798138	  0.098039	  0.037583	

MOTIF 8 ERF1-ERF1

letter-probability matrix: alength= 4 w= 8 nsites= 20 E= 0.0e+000
  0.417541	  0.540274	  0.028484	  0.013702	
  0.008131	  0.008189	  0.977937	  0.005743	
  0.005643	  0.973362	  0.010576	  0.010419	
  0.037384	  0.953064	  0.004805	  0.004747	
  0.017088	  0.003312	  0.971170	  0.008430	
  0.023456	  0.918528	  0.018936	  0.039080	
  0.010220	  0.973561	  0.006795	  0.009424	
  0.581265	  0.053263	  0.243511	  0.121961	

MOTIF 9 RRTF1_3ary-RRTF1_3ary

letter-probability matrix: alength= 4 w= 8 nsites= 20 E= 0.0e+000
  0.052907	  0.916347	  0.019730	  0.011016	
  0.003354	  0.005402	  0.985801	  0.005444	
  0.005046	  0.964506	  0.026894	  0.003553	
  0.019376	  0.969280	  0.004307	  0.007037	
  0.009225	  0.010079	  0.975352	  0.005344	
  0.062857	  0.808686	  0.015253	  0.113205	
  0.170800	  0.763932	  0.005999	  0.059269	
  0.806159	  0.041617	  0.078230	  0.073994	

MOTIF 10 RAP2.3-RAP2.3

letter-probability matrix: alength= 4 w= 8 nsites= 20 E= 0.0e+000
  0.118777	  0.232069	  0.541621	  0.107533	
  0.147036	  0.759332	  0.034855	  0.058777	
  0.007334	  0.008188	  0.979034	  0.005444	
  0.006638	  0.744506	  0.244307	  0.004548	
  0.017086	  0.973860	  0.005501	  0.003553	
  0.006538	  0.004506	  0.973362	  0.015593	
  0.109026	  0.778039	  0.027293	  0.085643	
  0.256713	  0.662483	  0.007294	  0.073510	

MOTIF 11 RAP2.3_2-RAP2.3_2

letter-probability matrix: alength= 4 w= 8 nsites= 20 E= 0.0e+000
  0.340767	  0.564506	  0.037840	  0.056887	
  0.004548	  0.005103	  0.985402	  0.004946	
  0.005344	  0.956944	  0.029382	  0.008329	
  0.010517	  0.974061	  0.010774	  0.004648	
  0.006438	  0.015351	  0.969186	  0.009025	
  0.024648	  0.863412	  0.031571	  0.080369	
  0.280043	  0.667524	  0.006894	  0.045539	
  0.620132	  0.071678	  0.108995	  0.199195	

MOTIF 12 DEAR3-DEAR3

letter-probability matrix: alength= 4 w= 8 nsites= 20 E= 0.0e+000
  0.147946	  0.784983	  0.025702	  0.041368	
  0.334001	  0.016248	  0.632069	  0.017683	
  0.027931	  0.885999	  0.059233	  0.026837	
  0.039577	  0.930768	  0.020827	  0.008828	
  0.066041	  0.045004	  0.862317	  0.026638	
  0.319243	  0.522863	  0.056938	  0.100956	
  0.069921	  0.825203	  0.069880	  0.034996	
  0.100369	  0.416646	  0.329283	  0.153702	

MOTIF 13 DREB2C-DREB2C

letter-probability matrix: alength= 4 w= 8 nsites= 20 E= 0.0e+000
  0.027735	  0.017145	  0.928181	  0.026939	
  0.005245	  0.956940	  0.006697	  0.031118	
  0.006539	  0.048790	  0.939724	  0.004946	
  0.022262	  0.006099	  0.968882	  0.002757	
  0.002757	  0.968882	  0.006099	  0.022262	
  0.004946	  0.939724	  0.048790	  0.006539	
  0.031118	  0.006697	  0.956940	  0.005245	
  0.026939	  0.928181	  0.017145	  0.027735	

MOTIF 14 RAP2.3_3ary-RAP2.3_3ary

letter-probability matrix: alength= 4 w= 8 nsites= 20 E= 0.0e+000
  0.207036	  0.701123	  0.029979	  0.061862	
  0.005543	  0.003611	  0.986497	  0.004349	
  0.003056	  0.972067	  0.014060	  0.010818	
  0.082061	  0.911671	  0.003412	  0.002857	
  0.007434	  0.229382	  0.756347	  0.006837	
  0.156986	  0.696745	  0.041720	  0.104548	
  0.078180	  0.900924	  0.003412	  0.017484	
  0.725444	  0.037939	  0.061521	  0.175096	

MOTIF 15 RRTF1_2-RRTF1_2

letter-probability matrix: alength= 4 w= 8 nsites= 20 E= 0.0e+000
  0.099384	  0.864693	  0.023115	  0.012808	
  0.004150	  0.007790	  0.983810	  0.004250	
  0.005444	  0.971176	  0.018236	  0.005145	
  0.013404	  0.977243	  0.005501	  0.003852	
  0.004946	  0.006993	  0.981623	  0.006438	
  0.028429	  0.905004	  0.019332	  0.047235	
  0.442801	  0.541476	  0.005402	  0.010320	
  0.898976	  0.020128	  0.028885	  0.052011	

MOTIF 16 6-GCGSCGC-STREME-6

letter-probability matrix: alength= 4 w= 7 nsites= 262 E= 4.8e+000
  0.013436	  0.032018	  0.941109	  0.013436	
  0.013436	  0.941109	  0.032018	  0.013436	
  0.013436	  0.032018	  0.941109	  0.013436	
  0.013436	  0.486564	  0.486564	  0.013436	
  0.013436	  0.941109	  0.032018	  0.013436	
  0.013436	  0.032018	  0.941109	  0.013436	
  0.013436	  0.941109	  0.032018	  0.013436	

MOTIF 17 ATERF1_2-ATERF1_2

letter-probability matrix: alength= 4 w= 8 nsites= 20 E= 0.0e+000
  0.140469	  0.148387	  0.116845	  0.594300	
  0.044449	  0.004208	  0.938735	  0.012608	
  0.029620	  0.895462	  0.061117	  0.013801	
  0.010120	  0.942516	  0.008785	  0.038578	
  0.038578	  0.008785	  0.942516	  0.010120	
  0.013801	  0.061117	  0.895462	  0.029620	
  0.012608	  0.938735	  0.004208	  0.044449	
  0.594300	  0.116845	  0.148387	  0.140469	

MOTIF 18 RAP2.6_3ary-RAP2.6_3ary

letter-probability matrix: alength= 4 w= 8 nsites= 20 E= 0.0e+000
  0.687732	  0.095949	  0.080725	  0.135593	
  0.134200	  0.025800	  0.130676	  0.709324	
  0.142160	  0.010079	  0.713561	  0.134200	
  0.677484	  0.081322	  0.071074	  0.170120	
  0.011016	  0.972268	  0.005402	  0.011314	
  0.003852	  0.010079	  0.957243	  0.028827	
  0.011214	  0.011769	  0.965703	  0.011313	
  0.007633	  0.958934	  0.004705	  0.028727	

MOTIF 19 DREB2C_2-DREB2C_2

letter-probability matrix: alength= 4 w= 8 nsites= 20 E= 0.0e+000
  0.109921	  0.754556	  0.122019	  0.013503	
  0.805543	  0.005103	  0.185900	  0.003454	
  0.004946	  0.981619	  0.004705	  0.008728	
  0.008130	  0.982417	  0.004904	  0.004548	
  0.009027	  0.005103	  0.981022	  0.004847	
  0.772630	  0.159217	  0.048482	  0.019671	
  0.006041	  0.974158	  0.006497	  0.013305	
  0.803056	  0.051770	  0.028288	  0.116887	

MOTIF 20 At1g77200-At1g77200

letter-probability matrix: alength= 4 w= 8 nsites= 20 E= 0.0e+000
  0.080469	  0.753064	  0.041621	  0.124847	
  0.743180	  0.003014	  0.252044	  0.001762	
  0.002658	  0.989482	  0.002815	  0.005046	
  0.003454	  0.990079	  0.002914	  0.003553	
  0.004449	  0.003014	  0.989682	  0.002857	
  0.984648	  0.004108	  0.003014	  0.008230	
  0.002956	  0.988886	  0.002715	  0.005444	
  0.884250	  0.004208	  0.102218	  0.009324	

