MEME version 5.5.5 (Thu Sep 14 08:48:04 2023 +1000)

ALPHABET= ACGT

strands: + -

Background letter frequencies (from file `meme_chip_analysis/new_analysis/meme_chip_analysis/new_analysis/EREB109_max_8/background'):
A 0.15680 C 0.34320 G 0.34320 T 0.15680 

MOTIF 1 1-CGCCGCCC-STREME-1

letter-probability matrix: alength= 4 w= 8 nsites= 588 E= 1.8e-002
  0.034030	  0.887647	  0.018752	  0.059571	
  0.220178	  0.096253	  0.683397	  0.000171	
  0.000171	  0.999261	  0.000396	  0.000171	
  0.002085	  0.997348	  0.000396	  0.000171	
  0.000171	  0.001292	  0.958547	  0.039990	
  0.153613	  0.678485	  0.037337	  0.130565	
  0.000171	  0.982673	  0.016985	  0.000171	
  0.014452	  0.884021	  0.101355	  0.000171	

MOTIF 2 DEAR3-DEAR3

letter-probability matrix: alength= 4 w= 8 nsites= 20 E= 0.0e+000
  0.147959	  0.784970	  0.025690	  0.041381	
  0.334014	  0.016235	  0.632056	  0.017695	
  0.027944	  0.885986	  0.059220	  0.026850	
  0.039590	  0.930755	  0.020814	  0.008841	
  0.066054	  0.044991	  0.862304	  0.026651	
  0.319256	  0.522850	  0.056925	  0.100969	
  0.069934	  0.825190	  0.069867	  0.035009	
  0.100382	  0.416633	  0.329270	  0.153715	

MOTIF 3 ORA47_2-ORA47_2

letter-probability matrix: alength= 4 w= 8 nsites= 20 E= 0.0e+000
  0.095208	  0.131160	  0.726484	  0.047148	
  0.015506	  0.928481	  0.010761	  0.045254	
  0.068037	  0.008075	  0.917735	  0.006152	
  0.005158	  0.959319	  0.031061	  0.004462	
  0.013814	  0.972854	  0.009965	  0.003367	
  0.011924	  0.003698	  0.971658	  0.012720	
  0.249536	  0.648971	  0.049568	  0.051924	
  0.040880	  0.923598	  0.010066	  0.025457	

MOTIF 4 RAP2.6-RAP2.6

letter-probability matrix: alength= 4 w= 8 nsites= 20 E= 0.0e+000
  0.035109	  0.271260	  0.679220	  0.014412	
  0.027745	  0.954842	  0.008673	  0.008740	
  0.007845	  0.003996	  0.985688	  0.002472	
  0.002273	  0.891348	  0.104702	  0.001676	
  0.012622	  0.981805	  0.003698	  0.001875	
  0.004860	  0.004892	  0.986782	  0.003467	
  0.020480	  0.943702	  0.015338	  0.020480	
  0.066651	  0.918424	  0.004195	  0.010730	

MOTIF 5 DEAR4_2-DEAR4_2

letter-probability matrix: alength= 4 w= 8 nsites= 20 E= 0.0e+000
  0.033317	  0.128573	  0.754543	  0.083566	
  0.022472	  0.938921	  0.015638	  0.022969	
  0.116800	  0.006683	  0.868971	  0.007546	
  0.006453	  0.909161	  0.079327	  0.005059	
  0.004860	  0.977429	  0.010563	  0.007148	
  0.009934	  0.008573	  0.948971	  0.032521	
  0.008640	  0.835554	  0.086375	  0.069430	
  0.033712	  0.856647	  0.017427	  0.092214	

MOTIF 6 RAP2.3-RAP2.3

letter-probability matrix: alength= 4 w= 8 nsites= 20 E= 0.0e+000
  0.118790	  0.232056	  0.541608	  0.107546	
  0.147049	  0.759319	  0.034842	  0.058790	
  0.007347	  0.008175	  0.979021	  0.005457	
  0.006651	  0.744494	  0.244295	  0.004561	
  0.017098	  0.973847	  0.005489	  0.003566	
  0.006551	  0.004494	  0.973349	  0.015606	
  0.109039	  0.778026	  0.027280	  0.085656	
  0.256726	  0.662470	  0.007281	  0.073523	

MOTIF 7 RRTF1_3ary-RRTF1_3ary

letter-probability matrix: alength= 4 w= 8 nsites= 20 E= 0.0e+000
  0.052919	  0.916334	  0.019717	  0.011029	
  0.003367	  0.005389	  0.985788	  0.005457	
  0.005059	  0.964494	  0.026882	  0.003566	
  0.019389	  0.969267	  0.004295	  0.007050	
  0.009238	  0.010066	  0.975339	  0.005357	
  0.062870	  0.808673	  0.015240	  0.113218	
  0.170813	  0.763919	  0.005986	  0.059282	
  0.806172	  0.041604	  0.078217	  0.074007	

MOTIF 8 ERF1-ERF1

letter-probability matrix: alength= 4 w= 8 nsites= 20 E= 0.0e+000
  0.417554	  0.540261	  0.028471	  0.013714	
  0.008144	  0.008176	  0.977924	  0.005756	
  0.005656	  0.973349	  0.010563	  0.010432	
  0.037397	  0.953051	  0.004792	  0.004760	
  0.017101	  0.003299	  0.971157	  0.008443	
  0.023469	  0.918515	  0.018923	  0.039093	
  0.010233	  0.973548	  0.006782	  0.009437	
  0.581278	  0.053250	  0.243499	  0.121974	

MOTIF 9 ATERF1-ATERF1

letter-probability matrix: alength= 4 w= 8 nsites= 20 E= 0.0e+000
  0.043367	  0.146583	  0.708076	  0.101974	
  0.186551	  0.601110	  0.147777	  0.064561	
  0.032126	  0.019321	  0.930158	  0.018394	
  0.040378	  0.482456	  0.377093	  0.100074	
  0.058790	  0.845489	  0.051757	  0.043964	
  0.065258	  0.093449	  0.732056	  0.109238	
  0.079288	  0.514145	  0.347180	  0.059387	
  0.066253	  0.798125	  0.098026	  0.037596	

MOTIF 10 RRTF1-RRTF1

letter-probability matrix: alength= 4 w= 8 nsites= 20 E= 0.0e+000
  0.039093	  0.287408	  0.659584	  0.013915	
  0.050432	  0.932752	  0.009668	  0.007148	
  0.003865	  0.006285	  0.985887	  0.003964	
  0.003467	  0.824195	  0.169369	  0.002969	
  0.013516	  0.978623	  0.004195	  0.003666	
  0.004760	  0.014244	  0.975242	  0.005755	
  0.038786	  0.859333	  0.015040	  0.086841	
  0.206331	  0.770984	  0.004195	  0.018490	

MOTIF 11 RAP2.3_2-RAP2.3_2

letter-probability matrix: alength= 4 w= 8 nsites= 20 E= 0.0e+000
  0.340780	  0.564494	  0.037827	  0.056899	
  0.004561	  0.005091	  0.985389	  0.004959	
  0.005357	  0.956931	  0.029369	  0.008342	
  0.010530	  0.974048	  0.010761	  0.004661	
  0.006451	  0.015338	  0.969173	  0.009038	
  0.024661	  0.863399	  0.031558	  0.080382	
  0.280056	  0.667511	  0.006881	  0.045552	
  0.620145	  0.071665	  0.108982	  0.199208	

MOTIF 12 GGCGGYGG-MEME-1

letter-probability matrix: alength= 4 w= 8 nsites= 410 E= 5.8e-039
  0.000000	  0.000000	  1.000000	  0.000000	
  0.000000	  0.000000	  1.000000	  0.000000	
  0.000000	  0.709756	  0.090244	  0.200000	
  0.000000	  0.000000	  1.000000	  0.000000	
  0.000000	  0.000000	  1.000000	  0.000000	
  0.000000	  0.521951	  0.095122	  0.382927	
  0.000000	  0.000000	  1.000000	  0.000000	
  0.000000	  0.000000	  1.000000	  0.000000	

MOTIF 13 RAP2.3_3ary-RAP2.3_3ary

letter-probability matrix: alength= 4 w= 8 nsites= 20 E= 0.0e+000
  0.207049	  0.701110	  0.029966	  0.061875	
  0.005556	  0.003598	  0.986484	  0.004362	
  0.003069	  0.972054	  0.014047	  0.010831	
  0.082074	  0.911658	  0.003399	  0.002870	
  0.007447	  0.229369	  0.756334	  0.006850	
  0.156999	  0.696732	  0.041708	  0.104561	
  0.078193	  0.900911	  0.003399	  0.017497	
  0.725457	  0.037926	  0.061509	  0.175108	

MOTIF 14 DREB2C-DREB2C

letter-probability matrix: alength= 4 w= 8 nsites= 20 E= 0.0e+000
  0.027748	  0.017132	  0.928168	  0.026952	
  0.005258	  0.956927	  0.006684	  0.031131	
  0.006552	  0.048777	  0.939711	  0.004959	
  0.022275	  0.006086	  0.968869	  0.002770	
  0.002770	  0.968869	  0.006086	  0.022275	
  0.004959	  0.939711	  0.048777	  0.006552	
  0.031131	  0.006684	  0.956927	  0.005258	
  0.026952	  0.928168	  0.017132	  0.027748	

MOTIF 15 RRTF1_2-RRTF1_2

letter-probability matrix: alength= 4 w= 8 nsites= 20 E= 0.0e+000
  0.099397	  0.864680	  0.023103	  0.012821	
  0.004163	  0.007777	  0.983797	  0.004263	
  0.005457	  0.971163	  0.018223	  0.005158	
  0.013417	  0.977230	  0.005489	  0.003865	
  0.004959	  0.006980	  0.981610	  0.006451	
  0.028442	  0.904991	  0.019319	  0.047248	
  0.442814	  0.541463	  0.005389	  0.010333	
  0.898989	  0.020115	  0.028872	  0.052024	

MOTIF 16 DEAR4-DEAR4

letter-probability matrix: alength= 4 w= 8 nsites= 20 E= 0.0e+000
  0.022772	  0.952450	  0.012654	  0.012124	
  0.791825	  0.002105	  0.202901	  0.003168	
  0.003069	  0.989966	  0.003996	  0.002969	
  0.018890	  0.977230	  0.002304	  0.001576	
  0.002074	  0.004593	  0.989469	  0.003865	
  0.980780	  0.007877	  0.002603	  0.008740	
  0.004561	  0.983898	  0.002105	  0.009436	
  0.844860	  0.122901	  0.013847	  0.018392	

MOTIF 17 ATERF1_2-ATERF1_2

letter-probability matrix: alength= 4 w= 8 nsites= 20 E= 0.0e+000
  0.140482	  0.148374	  0.116832	  0.594312	
  0.044462	  0.004195	  0.938722	  0.012621	
  0.029633	  0.895449	  0.061104	  0.013814	
  0.010133	  0.942503	  0.008772	  0.038591	
  0.038591	  0.008772	  0.942503	  0.010133	
  0.013814	  0.061104	  0.895449	  0.029633	
  0.012621	  0.938722	  0.004195	  0.044462	
  0.594312	  0.116832	  0.148374	  0.140482	

MOTIF 18 DREB2C_2-DREB2C_2

letter-probability matrix: alength= 4 w= 8 nsites= 20 E= 0.0e+000
  0.109934	  0.754543	  0.122006	  0.013516	
  0.805556	  0.005091	  0.185887	  0.003467	
  0.004959	  0.981606	  0.004693	  0.008741	
  0.008143	  0.982404	  0.004892	  0.004561	
  0.009040	  0.005091	  0.981009	  0.004860	
  0.772643	  0.159204	  0.048469	  0.019684	
  0.006054	  0.974145	  0.006484	  0.013317	
  0.803069	  0.051757	  0.028275	  0.116900	

MOTIF 19 ORA47-ORA47

letter-probability matrix: alength= 4 w= 8 nsites= 20 E= 0.0e+000
  0.578890	  0.002503	  0.411956	  0.006651	
  0.001974	  0.989568	  0.003897	  0.004561	
  0.007148	  0.987180	  0.003598	  0.002074	
  0.003168	  0.003399	  0.990264	  0.003168	
  0.715479	  0.009967	  0.066590	  0.207965	
  0.003566	  0.988175	  0.002702	  0.005556	
  0.044267	  0.940209	  0.002603	  0.012920	
  0.732496	  0.012057	  0.071167	  0.184281	

MOTIF 20 TWTWTWTW-MEME-2

letter-probability matrix: alength= 4 w= 8 nsites= 75 E= 4.5e-026
  0.080000	  0.200000	  0.160000	  0.560000	
  0.400000	  0.000000	  0.000000	  0.600000	
  0.000000	  0.000000	  0.000000	  1.000000	
  0.400000	  0.000000	  0.000000	  0.600000	
  0.213333	  0.000000	  0.000000	  0.786667	
  0.493333	  0.000000	  0.000000	  0.506667	
  0.013333	  0.000000	  0.000000	  0.986667	
  0.640000	  0.000000	  0.000000	  0.360000	

MOTIF 21 At1g77200-At1g77200

letter-probability matrix: alength= 4 w= 8 nsites= 20 E= 0.0e+000
  0.080482	  0.753051	  0.041608	  0.124860	
  0.743193	  0.003001	  0.252031	  0.001775	
  0.002671	  0.989469	  0.002802	  0.005059	
  0.003467	  0.990066	  0.002901	  0.003566	
  0.004462	  0.003001	  0.989669	  0.002870	
  0.984661	  0.004096	  0.003001	  0.008243	
  0.002969	  0.988873	  0.002702	  0.005457	
  0.884263	  0.004195	  0.102205	  0.009337	

MOTIF 22 RAP2.6_3ary-RAP2.6_3ary

letter-probability matrix: alength= 4 w= 8 nsites= 20 E= 0.0e+000
  0.687745	  0.095936	  0.080712	  0.135606	
  0.134213	  0.025787	  0.130663	  0.709337	
  0.142173	  0.010066	  0.713548	  0.134213	
  0.677497	  0.081310	  0.071061	  0.170133	
  0.011029	  0.972255	  0.005389	  0.011327	
  0.003865	  0.010066	  0.957230	  0.028840	
  0.011227	  0.011756	  0.965691	  0.011326	
  0.007646	  0.958921	  0.004693	  0.028740	

MOTIF 23 DEAR3_2-DEAR3_2

letter-probability matrix: alength= 4 w= 8 nsites= 20 E= 0.0e+000
  0.119387	  0.165290	  0.594842	  0.120482	
  0.590192	  0.096045	  0.115052	  0.198710	
  0.877895	  0.012752	  0.094245	  0.015109	
  0.014013	  0.959423	  0.011358	  0.015207	
  0.027845	  0.952852	  0.009966	  0.009337	
  0.032123	  0.019518	  0.937528	  0.010830	
  0.817696	  0.078324	  0.063399	  0.040581	
  0.018593	  0.954340	  0.006185	  0.020882	

MOTIF 24 MYB46-MYB46

letter-probability matrix: alength= 4 w= 8 nsites= 20 E= 0.0e+000
  0.081278	  0.004394	  0.908275	  0.006054	
  0.004064	  0.003200	  0.387180	  0.605556	
  0.007248	  0.008673	  0.003100	  0.980979	
  0.832820	  0.031459	  0.007877	  0.127845	
  0.004362	  0.005190	  0.987877	  0.002571	
  0.005457	  0.004394	  0.895230	  0.094918	
  0.002870	  0.034344	  0.003001	  0.959785	
  0.578094	  0.025389	  0.358324	  0.038193	

MOTIF 25 5-CACCACCA-STREME-5

letter-probability matrix: alength= 4 w= 8 nsites= 45 E= 3.9e+000
  0.001086	  0.995318	  0.002510	  0.001086	
  0.993894	  0.002510	  0.002510	  0.001086	
  0.001086	  0.995318	  0.002510	  0.001086	
  0.001086	  0.995318	  0.002510	  0.001086	
  0.993894	  0.002510	  0.002510	  0.001086	
  0.001086	  0.995318	  0.002510	  0.001086	
  0.001086	  0.795504	  0.002510	  0.200900	
  0.993894	  0.002510	  0.002510	  0.001086	

