MEME version 5.5.5 (Thu Sep 14 08:48:04 2023 +1000)

ALPHABET= ACGT

strands: + -

Background letter frequencies (from file `meme_chip_analysis/new_analysis/meme_chip_analysis/new_analysis/EREB209_max_8/background'):
A 0.15410 C 0.34590 G 0.34590 T 0.15410 

MOTIF 1 CGGCGGCG-MEME-1

letter-probability matrix: alength= 4 w= 8 nsites= 778 E= 4.4e-404
  0.056555	  0.825193	  0.000000	  0.118252	
  0.000000	  0.000000	  1.000000	  0.000000	
  0.170951	  0.000000	  0.829049	  0.000000	
  0.000000	  1.000000	  0.000000	  0.000000	
  0.000000	  0.000000	  1.000000	  0.000000	
  0.064267	  0.086118	  0.849614	  0.000000	
  0.000000	  1.000000	  0.000000	  0.000000	
  0.000000	  0.000000	  1.000000	  0.000000	

MOTIF 2 1-CGSCGSCG-STREME-1

letter-probability matrix: alength= 4 w= 8 nsites= 526 E= 4.6e-003
  0.000095	  0.999585	  0.000225	  0.000095	
  0.000095	  0.000225	  0.999585	  0.000095	
  0.000095	  0.465639	  0.534171	  0.000095	
  0.000095	  0.999585	  0.000225	  0.000095	
  0.000095	  0.000225	  0.999585	  0.000095	
  0.000095	  0.534171	  0.465639	  0.000095	
  0.000095	  0.999585	  0.000225	  0.000095	
  0.000095	  0.000225	  0.999585	  0.000095	

MOTIF 3 RAP2.6-RAP2.6

letter-probability matrix: alength= 4 w= 8 nsites= 20 E= 0.0e+000
  0.035095	  0.271273	  0.679233	  0.014398	
  0.027732	  0.954855	  0.008686	  0.008727	
  0.007831	  0.004009	  0.985701	  0.002458	
  0.002259	  0.891362	  0.104716	  0.001662	
  0.012608	  0.981818	  0.003711	  0.001861	
  0.004846	  0.004905	  0.986796	  0.003453	
  0.020466	  0.943716	  0.015352	  0.020466	
  0.066637	  0.918437	  0.004208	  0.010717	

MOTIF 4 RRTF1-RRTF1

letter-probability matrix: alength= 4 w= 8 nsites= 20 E= 0.0e+000
  0.039079	  0.287421	  0.659598	  0.013902	
  0.050418	  0.932766	  0.009681	  0.007135	
  0.003851	  0.006298	  0.985900	  0.003951	
  0.003453	  0.824208	  0.169383	  0.002956	
  0.013503	  0.978636	  0.004208	  0.003652	
  0.004747	  0.014257	  0.975255	  0.005742	
  0.038773	  0.859347	  0.015053	  0.086827	
  0.206318	  0.770998	  0.004208	  0.018476	

MOTIF 5 2-CCGCCRCC-STREME-2

letter-probability matrix: alength= 4 w= 8 nsites= 430 E= 4.6e-003
  0.000320	  0.998602	  0.000757	  0.000320	
  0.000320	  0.998602	  0.000757	  0.000320	
  0.198777	  0.000757	  0.737226	  0.063240	
  0.000320	  0.998602	  0.000757	  0.000320	
  0.000320	  0.848587	  0.000757	  0.150335	
  0.279125	  0.096135	  0.499459	  0.125280	
  0.000320	  0.998602	  0.000757	  0.000320	
  0.000320	  0.998602	  0.000757	  0.000320	

MOTIF 6 ORA47_2-ORA47_2

letter-probability matrix: alength= 4 w= 8 nsites= 20 E= 0.0e+000
  0.095195	  0.131174	  0.726497	  0.047135	
  0.015492	  0.928494	  0.010775	  0.045240	
  0.068023	  0.008088	  0.917749	  0.006139	
  0.005145	  0.959333	  0.031074	  0.004448	
  0.013801	  0.972867	  0.009979	  0.003354	
  0.011911	  0.003711	  0.971671	  0.012707	
  0.249523	  0.648985	  0.049582	  0.051911	
  0.040866	  0.923611	  0.010079	  0.025443	

MOTIF 7 DEAR4_2-DEAR4_2

letter-probability matrix: alength= 4 w= 8 nsites= 20 E= 0.0e+000
  0.033304	  0.128587	  0.754557	  0.083553	
  0.022458	  0.938935	  0.015651	  0.022956	
  0.116787	  0.006696	  0.868985	  0.007533	
  0.006439	  0.909175	  0.079341	  0.005045	
  0.004846	  0.977442	  0.010577	  0.007135	
  0.009921	  0.008587	  0.948985	  0.032508	
  0.008626	  0.835568	  0.086389	  0.069416	
  0.033699	  0.856660	  0.017440	  0.092201	

MOTIF 8 ATERF1-ATERF1

letter-probability matrix: alength= 4 w= 8 nsites= 20 E= 0.0e+000
  0.043354	  0.146597	  0.708089	  0.101961	
  0.186538	  0.601124	  0.147791	  0.064548	
  0.032113	  0.019335	  0.930172	  0.018381	
  0.040365	  0.482469	  0.377106	  0.100060	
  0.058777	  0.845502	  0.051771	  0.043951	
  0.065244	  0.093462	  0.732069	  0.109224	
  0.079274	  0.514159	  0.347194	  0.059374	
  0.066239	  0.798139	  0.098039	  0.037583	

MOTIF 9 ERF1-ERF1

letter-probability matrix: alength= 4 w= 8 nsites= 20 E= 0.0e+000
  0.417541	  0.540274	  0.028484	  0.013701	
  0.008131	  0.008190	  0.977938	  0.005743	
  0.005642	  0.973363	  0.010577	  0.010418	
  0.037384	  0.953064	  0.004805	  0.004747	
  0.017087	  0.003313	  0.971171	  0.008429	
  0.023455	  0.918529	  0.018937	  0.039079	
  0.010219	  0.973562	  0.006796	  0.009423	
  0.581264	  0.053263	  0.243512	  0.121961	

MOTIF 10 RRTF1_3ary-RRTF1_3ary

letter-probability matrix: alength= 4 w= 8 nsites= 20 E= 0.0e+000
  0.052906	  0.916348	  0.019731	  0.011015	
  0.003354	  0.005402	  0.985801	  0.005443	
  0.005045	  0.964507	  0.026895	  0.003553	
  0.019376	  0.969280	  0.004308	  0.007036	
  0.009224	  0.010079	  0.975353	  0.005344	
  0.062856	  0.808686	  0.015253	  0.113204	
  0.170800	  0.763933	  0.005999	  0.059268	
  0.806159	  0.041617	  0.078230	  0.073994	

MOTIF 11 RAP2.3-RAP2.3

letter-probability matrix: alength= 4 w= 8 nsites= 20 E= 0.0e+000
  0.118777	  0.232069	  0.541621	  0.107533	
  0.147035	  0.759333	  0.034855	  0.058777	
  0.007334	  0.008189	  0.979034	  0.005443	
  0.006637	  0.744507	  0.244308	  0.004548	
  0.017085	  0.973860	  0.005502	  0.003553	
  0.006538	  0.004507	  0.973363	  0.015593	
  0.109025	  0.778039	  0.027293	  0.085642	
  0.256713	  0.662483	  0.007294	  0.073510	

MOTIF 12 DREB2C-DREB2C

letter-probability matrix: alength= 4 w= 8 nsites= 20 E= 0.0e+000
  0.027735	  0.017146	  0.928182	  0.026939	
  0.005244	  0.956941	  0.006697	  0.031118	
  0.006539	  0.048791	  0.939725	  0.004946	
  0.022261	  0.006099	  0.968882	  0.002757	
  0.002757	  0.968882	  0.006099	  0.022261	
  0.004946	  0.939725	  0.048791	  0.006539	
  0.031118	  0.006697	  0.956941	  0.005244	
  0.026939	  0.928182	  0.017146	  0.027735	

MOTIF 13 RAP2.3_2-RAP2.3_2

letter-probability matrix: alength= 4 w= 8 nsites= 20 E= 0.0e+000
  0.340767	  0.564507	  0.037840	  0.056886	
  0.004548	  0.005104	  0.985402	  0.004946	
  0.005344	  0.956945	  0.029383	  0.008329	
  0.010517	  0.974061	  0.010775	  0.004647	
  0.006437	  0.015352	  0.969187	  0.009024	
  0.024647	  0.863412	  0.031572	  0.080369	
  0.280042	  0.667525	  0.006894	  0.045539	
  0.620132	  0.071678	  0.108996	  0.199195	

MOTIF 14 DEAR3-DEAR3

letter-probability matrix: alength= 4 w= 8 nsites= 20 E= 0.0e+000
  0.147946	  0.784984	  0.025703	  0.041368	
  0.334000	  0.016248	  0.632069	  0.017682	
  0.027931	  0.886000	  0.059233	  0.026836	
  0.039577	  0.930769	  0.020827	  0.008827	
  0.066040	  0.045005	  0.862318	  0.026637	
  0.319242	  0.522863	  0.056939	  0.100956	
  0.069921	  0.825203	  0.069880	  0.034995	
  0.100369	  0.416646	  0.329283	  0.153702	

MOTIF 15 RRTF1_2-RRTF1_2

letter-probability matrix: alength= 4 w= 8 nsites= 20 E= 0.0e+000
  0.099384	  0.864693	  0.023116	  0.012807	
  0.004150	  0.007791	  0.983810	  0.004249	
  0.005443	  0.971177	  0.018236	  0.005145	
  0.013404	  0.977243	  0.005502	  0.003851	
  0.004946	  0.006994	  0.981623	  0.006437	
  0.028428	  0.905004	  0.019333	  0.047234	
  0.442800	  0.541476	  0.005402	  0.010320	
  0.898976	  0.020129	  0.028885	  0.052010	

MOTIF 16 RAP2.3_3ary-RAP2.3_3ary

letter-probability matrix: alength= 4 w= 8 nsites= 20 E= 0.0e+000
  0.207035	  0.701124	  0.029980	  0.061861	
  0.005543	  0.003611	  0.986497	  0.004349	
  0.003055	  0.972067	  0.014060	  0.010817	
  0.082060	  0.911671	  0.003412	  0.002856	
  0.007433	  0.229383	  0.756348	  0.006836	
  0.156986	  0.696746	  0.041721	  0.104548	
  0.078180	  0.900925	  0.003412	  0.017483	
  0.725443	  0.037940	  0.061522	  0.175095	

MOTIF 17 CASCASCA-MEME-2

letter-probability matrix: alength= 4 w= 8 nsites= 170 E= 1.8e-034
  0.064706	  0.911765	  0.000000	  0.023529	
  0.800000	  0.000000	  0.000000	  0.200000	
  0.064706	  0.358824	  0.576471	  0.000000	
  0.000000	  1.000000	  0.000000	  0.000000	
  1.000000	  0.000000	  0.000000	  0.000000	
  0.000000	  0.335294	  0.664706	  0.000000	
  0.000000	  1.000000	  0.000000	  0.000000	
  1.000000	  0.000000	  0.000000	  0.000000	

MOTIF 18 ATERF1_2-ATERF1_2

letter-probability matrix: alength= 4 w= 8 nsites= 20 E= 0.0e+000
  0.140468	  0.148388	  0.116845	  0.594299	
  0.044448	  0.004208	  0.938736	  0.012608	
  0.029619	  0.895462	  0.061118	  0.013801	
  0.010120	  0.942517	  0.008786	  0.038578	
  0.038578	  0.008786	  0.942517	  0.010120	
  0.013801	  0.061118	  0.895462	  0.029619	
  0.012608	  0.938736	  0.004208	  0.044448	
  0.594299	  0.116845	  0.148388	  0.140468	

MOTIF 19 DREB2C_2-DREB2C_2

letter-probability matrix: alength= 4 w= 8 nsites= 20 E= 0.0e+000
  0.109921	  0.754557	  0.122019	  0.013503	
  0.805543	  0.005104	  0.185900	  0.003453	
  0.004946	  0.981619	  0.004706	  0.008728	
  0.008130	  0.982417	  0.004905	  0.004548	
  0.009026	  0.005104	  0.981022	  0.004846	
  0.772629	  0.159217	  0.048482	  0.019670	
  0.006040	  0.974159	  0.006497	  0.013304	
  0.803055	  0.051771	  0.028288	  0.116886	

MOTIF 20 TCSTCSTC-MEME-3

letter-probability matrix: alength= 4 w= 8 nsites= 166 E= 2.7e-014
  0.000000	  0.000000	  0.000000	  1.000000	
  0.210843	  0.789157	  0.000000	  0.000000	
  0.000000	  0.578313	  0.403614	  0.018072	
  0.000000	  0.000000	  0.000000	  1.000000	
  0.228916	  0.771084	  0.000000	  0.000000	
  0.000000	  0.524096	  0.475904	  0.000000	
  0.000000	  0.000000	  0.000000	  1.000000	
  0.180723	  0.819277	  0.000000	  0.000000	

MOTIF 21 RAP2.6_3ary-RAP2.6_3ary

letter-probability matrix: alength= 4 w= 8 nsites= 20 E= 0.0e+000
  0.687732	  0.095950	  0.080726	  0.135593	
  0.134200	  0.025801	  0.130676	  0.709324	
  0.142160	  0.010079	  0.713562	  0.134200	
  0.677483	  0.081323	  0.071074	  0.170120	
  0.011015	  0.972268	  0.005402	  0.011314	
  0.003851	  0.010079	  0.957243	  0.028826	
  0.011213	  0.011770	  0.965704	  0.011313	
  0.007632	  0.958935	  0.004706	  0.028727	

MOTIF 22 RAP2.6_2-RAP2.6_2

letter-probability matrix: alength= 4 w= 8 nsites= 20 E= 0.0e+000
  0.560767	  0.059134	  0.290776	  0.089324	
  0.053105	  0.005999	  0.932268	  0.008627	
  0.016586	  0.943019	  0.018933	  0.021461	
  0.012807	  0.933064	  0.046298	  0.007831	
  0.033006	  0.006696	  0.951572	  0.008727	
  0.052209	  0.771870	  0.072368	  0.103553	
  0.489076	  0.455904	  0.015153	  0.039867	
  0.673073	  0.152482	  0.013463	  0.160982	

