MEME version 5.5.5 (Thu Sep 14 08:48:04 2023 +1000)

ALPHABET= ACGT

strands: + -

Background letter frequencies (from file `meme_chip_analysis/new_analysis/meme_chip_analysis/new_analysis/ZmRap27_max_8/background'):
A 0.22540 C 0.27460 G 0.27460 T 0.22540 

MOTIF 1 CGTACGTR-MEME-1

letter-probability matrix: alength= 4 w= 8 nsites= 204 E= 3.8e-130
  0.000000	  0.833333	  0.000000	  0.166667	
  0.000000	  0.000000	  1.000000	  0.000000	
  0.000000	  0.000000	  0.000000	  1.000000	
  1.000000	  0.000000	  0.000000	  0.000000	
  0.000000	  1.000000	  0.000000	  0.000000	
  0.000000	  0.000000	  1.000000	  0.000000	
  0.000000	  0.000000	  0.000000	  1.000000	
  0.455882	  0.102941	  0.328431	  0.112745	

MOTIF 2 3-ACGTACGT-STREME-3

letter-probability matrix: alength= 4 w= 8 nsites= 169 E= 4.6e-001
  0.721898	  0.075677	  0.086399	  0.116026	
  0.000713	  0.997681	  0.000892	  0.000713	
  0.000713	  0.000892	  0.997681	  0.000713	
  0.000713	  0.000892	  0.000892	  0.997502	
  0.997502	  0.000892	  0.000892	  0.000713	
  0.000713	  0.997681	  0.000892	  0.000713	
  0.000713	  0.000892	  0.997681	  0.000713	
  0.116026	  0.086399	  0.075677	  0.721898	

MOTIF 3 SPL1-SPL1

letter-probability matrix: alength= 4 w= 8 nsites= 20 E= 0.0e+000
  0.031669	  0.877187	  0.009326	  0.081818	
  0.011072	  0.920670	  0.014202	  0.054057	
  0.014853	  0.003356	  0.978381	  0.003410	
  0.002713	  0.009625	  0.006938	  0.980723	
  0.980723	  0.006938	  0.009625	  0.002713	
  0.003410	  0.978381	  0.003356	  0.014853	
  0.054057	  0.014202	  0.920670	  0.011072	
  0.081818	  0.009326	  0.877187	  0.031669	

MOTIF 4 DEAR3-DEAR3

letter-probability matrix: alength= 4 w= 8 nsites= 20 E= 0.0e+000
  0.148300	  0.784629	  0.025348	  0.041722	
  0.334355	  0.015894	  0.631714	  0.018037	
  0.028286	  0.885645	  0.058879	  0.027191	
  0.039931	  0.930414	  0.020473	  0.009182	
  0.066395	  0.044650	  0.861963	  0.026992	
  0.319597	  0.522508	  0.056584	  0.101310	
  0.070276	  0.824849	  0.069525	  0.035350	
  0.100723	  0.416292	  0.328928	  0.154057	

MOTIF 5 DREB2C_2-DREB2C_2

letter-probability matrix: alength= 4 w= 8 nsites= 20 E= 0.0e+000
  0.110276	  0.754202	  0.121665	  0.013858	
  0.805898	  0.004749	  0.185545	  0.003808	
  0.005300	  0.981265	  0.004351	  0.009083	
  0.008485	  0.982063	  0.004550	  0.004902	
  0.009381	  0.004749	  0.980668	  0.005201	
  0.772984	  0.158863	  0.048127	  0.020025	
  0.006395	  0.973804	  0.006142	  0.013659	
  0.803410	  0.051416	  0.027933	  0.117241	

MOTIF 6 SPL7-SPL7

letter-probability matrix: alength= 4 w= 8 nsites= 20 E= 0.0e+000
  0.051768	  0.774700	  0.123456	  0.050077	
  0.042817	  0.027439	  0.908919	  0.020825	
  0.043804	  0.013405	  0.090312	  0.852479	
  0.882205	  0.062765	  0.023358	  0.031672	
  0.039625	  0.918588	  0.015793	  0.025995	
  0.065905	  0.106551	  0.795376	  0.032169	
  0.285699	  0.208232	  0.364152	  0.141917	
  0.118335	  0.612112	  0.042361	  0.227191	

MOTIF 7 SPL1_2-SPL1_2

letter-probability matrix: alength= 4 w= 8 nsites= 20 E= 0.0e+000
  0.054654	  0.625844	  0.048132	  0.271370	
  0.015848	  0.002361	  0.979675	  0.002116	
  0.002813	  0.006937	  0.003058	  0.987192	
  0.987689	  0.005147	  0.005147	  0.002017	
  0.003808	  0.989227	  0.003157	  0.003808	
  0.007987	  0.005744	  0.981963	  0.004305	
  0.014155	  0.003456	  0.975199	  0.007190	
  0.598634	  0.215496	  0.011515	  0.174355	

MOTIF 8 PIF3-PIF3

letter-probability matrix: alength= 4 w= 8 nsites= 20 E= 0.0e+000
  0.005500	  0.953207	  0.034301	  0.006992	
  0.010077	  0.981764	  0.004749	  0.003410	
  0.982813	  0.007336	  0.006341	  0.003509	
  0.002116	  0.964650	  0.003854	  0.029380	
  0.029380	  0.003854	  0.964650	  0.002116	
  0.003509	  0.006341	  0.007336	  0.982813	
  0.003410	  0.004749	  0.981764	  0.010077	
  0.006992	  0.034301	  0.953207	  0.005500	

MOTIF 9 DEAR4_2-DEAR4_2

letter-probability matrix: alength= 4 w= 8 nsites= 20 E= 0.0e+000
  0.033659	  0.128232	  0.754202	  0.083907	
  0.022813	  0.938580	  0.015296	  0.023310	
  0.117141	  0.006341	  0.868630	  0.007888	
  0.006794	  0.908820	  0.078986	  0.005400	
  0.005201	  0.977088	  0.010222	  0.007490	
  0.010276	  0.008232	  0.948630	  0.032863	
  0.008981	  0.835213	  0.086034	  0.069771	
  0.034054	  0.856305	  0.017086	  0.092555	

MOTIF 10 PIF5-PIF5

letter-probability matrix: alength= 4 w= 8 nsites= 20 E= 0.0e+000
  0.040425	  0.193903	  0.726043	  0.039629	
  0.019830	  0.928921	  0.038087	  0.013162	
  0.888286	  0.053705	  0.020272	  0.037738	
  0.023012	  0.887038	  0.072311	  0.017639	
  0.017639	  0.072311	  0.887038	  0.023012	
  0.037738	  0.020272	  0.053705	  0.888286	
  0.013162	  0.038087	  0.928921	  0.019830	
  0.039629	  0.726043	  0.193903	  0.040425	

MOTIF 11 TOE1_2-TOE1_2

letter-probability matrix: alength= 4 w= 8 nsites= 20 E= 0.0e+000
  0.747017	  0.031114	  0.037183	  0.184686	
  0.789061	  0.013805	  0.010422	  0.186712	
  0.034853	  0.913704	  0.022262	  0.029181	
  0.136843	  0.637486	  0.207834	  0.017838	
  0.041320	  0.028232	  0.009227	  0.921221	
  0.676146	  0.017784	  0.261963	  0.044106	
  0.076544	  0.628232	  0.253605	  0.041619	
  0.032465	  0.010321	  0.924053	  0.033161	

MOTIF 12 DEAR4-DEAR4

letter-probability matrix: alength= 4 w= 8 nsites= 20 E= 0.0e+000
  0.023113	  0.952108	  0.012312	  0.012466	
  0.792166	  0.001764	  0.202560	  0.003509	
  0.003410	  0.989625	  0.003655	  0.003310	
  0.019231	  0.976889	  0.001963	  0.001917	
  0.002415	  0.004252	  0.989127	  0.004206	
  0.981121	  0.007535	  0.002262	  0.009082	
  0.004902	  0.983556	  0.001764	  0.009777	
  0.845201	  0.122560	  0.013506	  0.018733	

MOTIF 13 TOE2_2-TOE2_2

letter-probability matrix: alength= 4 w= 8 nsites= 20 E= 0.0e+000
  0.802216	  0.019973	  0.007834	  0.169977	
  0.867191	  0.003953	  0.006938	  0.121917	
  0.008683	  0.937890	  0.004650	  0.048778	
  0.123310	  0.787436	  0.075197	  0.014057	
  0.025697	  0.007136	  0.009823	  0.957344	
  0.761420	  0.025048	  0.189227	  0.024306	
  0.079927	  0.679575	  0.153306	  0.087191	
  0.007092	  0.006043	  0.974998	  0.011868	

MOTIF 14 MYB52-MYB52

letter-probability matrix: alength= 4 w= 8 nsites= 20 E= 0.0e+000
  0.491868	  0.300471	  0.147734	  0.059927	
  0.237440	  0.518580	  0.103356	  0.140624	
  0.104495	  0.107524	  0.036387	  0.751594	
  0.921420	  0.014700	  0.033008	  0.030873	
  0.862726	  0.097874	  0.015196	  0.024204	
  0.017937	  0.920471	  0.032411	  0.029181	
  0.089778	  0.054102	  0.786242	  0.069878	
  0.129878	  0.023754	  0.785247	  0.061121	

MOTIF 15 MYC3-MYC3

letter-probability matrix: alength= 4 w= 8 nsites= 20 E= 0.0e+000
  0.247713	  0.275822	  0.403098	  0.073367	
  0.105400	  0.890222	  0.002063	  0.002315	
  0.966594	  0.001864	  0.019476	  0.012067	
  0.001420	  0.834700	  0.003356	  0.160524	
  0.160524	  0.003356	  0.834700	  0.001420	
  0.012067	  0.019476	  0.001864	  0.966594	
  0.002315	  0.002063	  0.890222	  0.105400	
  0.073367	  0.403098	  0.275822	  0.247713	

MOTIF 16 MYC4-MYC4

letter-probability matrix: alength= 4 w= 8 nsites= 20 E= 0.0e+000
  0.381121	  0.180471	  0.359774	  0.078634	
  0.046892	  0.948729	  0.002361	  0.002017	
  0.987490	  0.002560	  0.003854	  0.006097	
  0.001619	  0.933898	  0.002560	  0.061923	
  0.020725	  0.002461	  0.975195	  0.001619	
  0.004902	  0.006739	  0.001864	  0.986495	
  0.002017	  0.002162	  0.977683	  0.018138	
  0.025500	  0.716491	  0.084550	  0.173460	

MOTIF 17 bZIP60_2-bZIP60_2

letter-probability matrix: alength= 4 w= 8 nsites= 20 E= 0.0e+000
  0.197937	  0.642560	  0.088928	  0.070574	
  0.046693	  0.832809	  0.080570	  0.039927	
  0.906594	  0.029525	  0.030321	  0.033559	
  0.022813	  0.896192	  0.029923	  0.051072	
  0.071171	  0.032013	  0.879376	  0.017440	
  0.032564	  0.034898	  0.018879	  0.913659	
  0.048982	  0.877983	  0.039476	  0.033559	
  0.898544	  0.033801	  0.043452	  0.024204	

MOTIF 18 ORA47_2-ORA47_2

letter-probability matrix: alength= 4 w= 8 nsites= 20 E= 0.0e+000
  0.095549	  0.130819	  0.726142	  0.047490	
  0.015847	  0.928139	  0.010420	  0.045595	
  0.068378	  0.007733	  0.917394	  0.006494	
  0.005500	  0.958978	  0.030719	  0.004803	
  0.014155	  0.972512	  0.009624	  0.003708	
  0.012266	  0.003356	  0.971316	  0.013062	
  0.249878	  0.648630	  0.049227	  0.052266	
  0.041221	  0.923257	  0.009724	  0.025798	

MOTIF 19 AAAAAAAA-MEME-2

letter-probability matrix: alength= 4 w= 8 nsites= 67 E= 5.1e-018
  1.000000	  0.000000	  0.000000	  0.000000	
  1.000000	  0.000000	  0.000000	  0.000000	
  0.552239	  0.000000	  0.194030	  0.253731	
  0.910448	  0.000000	  0.000000	  0.089552	
  1.000000	  0.000000	  0.000000	  0.000000	
  0.820896	  0.000000	  0.000000	  0.179104	
  1.000000	  0.000000	  0.000000	  0.000000	
  1.000000	  0.000000	  0.000000	  0.000000	

MOTIF 20 At1g77200-At1g77200

letter-probability matrix: alength= 4 w= 8 nsites= 20 E= 0.0e+000
  0.080823	  0.752709	  0.041267	  0.125201	
  0.743534	  0.002660	  0.251690	  0.002116	
  0.003012	  0.989127	  0.002461	  0.005400	
  0.003808	  0.989724	  0.002560	  0.003907	
  0.004803	  0.002660	  0.989327	  0.003211	
  0.985002	  0.003754	  0.002660	  0.008584	
  0.003310	  0.988531	  0.002361	  0.005798	
  0.884604	  0.003854	  0.101864	  0.009679	

MOTIF 21 TOE1-TOE1

letter-probability matrix: alength= 4 w= 8 nsites= 20 E= 0.0e+000
  0.007589	  0.873008	  0.002859	  0.116544	
  0.129168	  0.833422	  0.019772	  0.017637	
  0.008484	  0.010718	  0.009524	  0.971273	
  0.047290	  0.925446	  0.017784	  0.009480	
  0.008287	  0.006641	  0.975096	  0.009978	
  0.012265	  0.003257	  0.183438	  0.801042	
  0.960321	  0.018980	  0.002958	  0.017740	
  0.047589	  0.804550	  0.048232	  0.099629	

MOTIF 22 DEAR3_2-DEAR3_2

letter-probability matrix: alength= 4 w= 8 nsites= 20 E= 0.0e+000
  0.119728	  0.164948	  0.594500	  0.120823	
  0.590533	  0.095703	  0.114710	  0.199052	
  0.878236	  0.012411	  0.093904	  0.015450	
  0.014354	  0.959082	  0.011017	  0.015548	
  0.028186	  0.952510	  0.009625	  0.009679	
  0.032465	  0.019177	  0.937187	  0.011171	
  0.818037	  0.077983	  0.063058	  0.040922	
  0.018934	  0.953999	  0.005844	  0.021223	

MOTIF 23 ERF1-ERF1

letter-probability matrix: alength= 4 w= 8 nsites= 20 E= 0.0e+000
  0.417896	  0.539919	  0.028129	  0.014056	
  0.008486	  0.007835	  0.977583	  0.006098	
  0.005997	  0.973008	  0.010222	  0.010773	
  0.037738	  0.952709	  0.004451	  0.005101	
  0.017442	  0.002958	  0.970816	  0.008784	
  0.023810	  0.918174	  0.018582	  0.039434	
  0.010574	  0.973207	  0.006441	  0.009778	
  0.581619	  0.052908	  0.243157	  0.122315	

MOTIF 24 MYC2-MYC2

letter-probability matrix: alength= 4 w= 8 nsites= 20 E= 0.0e+000
  0.248783	  0.099476	  0.599376	  0.052365	
  0.086097	  0.908331	  0.002560	  0.003012	
  0.964703	  0.002958	  0.019675	  0.012664	
  0.001420	  0.845331	  0.005943	  0.147305	
  0.147305	  0.005943	  0.845331	  0.001420	
  0.012664	  0.019675	  0.002958	  0.964703	
  0.003012	  0.002560	  0.908331	  0.086097	
  0.052365	  0.599376	  0.099476	  0.248783	

MOTIF 25 PIF4-PIF4

letter-probability matrix: alength= 4 w= 8 nsites= 20 E= 0.0e+000
  0.042909	  0.094690	  0.828746	  0.033656	
  0.027689	  0.964749	  0.003655	  0.003907	
  0.901619	  0.002958	  0.086739	  0.008684	
  0.001718	  0.923548	  0.016592	  0.058142	
  0.058142	  0.016592	  0.923548	  0.001718	
  0.008684	  0.086739	  0.002958	  0.901619	
  0.003907	  0.003655	  0.964749	  0.027689	
  0.033656	  0.828746	  0.094690	  0.042909	

MOTIF 26 1-GCGCCGCC-STREME-1

letter-probability matrix: alength= 4 w= 8 nsites= 126 E= 1.3e-001
  0.000642	  0.127768	  0.768240	  0.103350	
  0.020671	  0.957854	  0.020833	  0.000642	
  0.000642	  0.135009	  0.840548	  0.023801	
  0.000642	  0.966445	  0.032271	  0.000642	
  0.000642	  0.981890	  0.016827	  0.000642	
  0.093752	  0.081018	  0.801160	  0.024069	
  0.000642	  0.997913	  0.000803	  0.000642	
  0.000642	  0.855860	  0.134414	  0.009085	

MOTIF 27 RAP2.6-RAP2.6

letter-probability matrix: alength= 4 w= 8 nsites= 20 E= 0.0e+000
  0.035450	  0.270918	  0.678879	  0.014753	
  0.028087	  0.954500	  0.008331	  0.009082	
  0.008186	  0.003655	  0.985346	  0.002813	
  0.002614	  0.891007	  0.104361	  0.002017	
  0.012963	  0.981464	  0.003356	  0.002216	
  0.005201	  0.004550	  0.986441	  0.003808	
  0.020821	  0.943361	  0.014997	  0.020821	
  0.066992	  0.918083	  0.003854	  0.011072	

MOTIF 28 MYB46_2-MYB46_2

letter-probability matrix: alength= 4 w= 8 nsites= 20 E= 0.0e+000
  0.049181	  0.534500	  0.131018	  0.285300	
  0.916345	  0.034103	  0.026839	  0.022713	
  0.817738	  0.132809	  0.017287	  0.032166	
  0.008684	  0.959376	  0.010819	  0.021121	
  0.207589	  0.674500	  0.074103	  0.043808	
  0.818534	  0.007535	  0.160471	  0.013460	
  0.249082	  0.641665	  0.018978	  0.090276	
  0.059430	  0.716789	  0.032610	  0.191171	

MOTIF 29 TOE2-TOE2

letter-probability matrix: alength= 4 w= 8 nsites= 20 E= 0.0e+000
  0.003410	  0.910222	  0.003655	  0.082713	
  0.129281	  0.842660	  0.018381	  0.009679	
  0.005798	  0.006242	  0.006938	  0.981022	
  0.055947	  0.918978	  0.009525	  0.015549	
  0.007589	  0.006341	  0.979575	  0.006495	
  0.004902	  0.004749	  0.106043	  0.884305	
  0.972664	  0.012311	  0.003456	  0.011569	
  0.027487	  0.829940	  0.014897	  0.127676	

MOTIF 30 ANAC55_2-ANAC55_2

letter-probability matrix: alength= 4 w= 8 nsites= 20 E= 0.0e+000
  0.272564	  0.032013	  0.058381	  0.637042	
  0.029878	  0.225744	  0.038879	  0.705500	
  0.882802	  0.055401	  0.045052	  0.016745	
  0.050967	  0.877995	  0.024349	  0.046689	
  0.046689	  0.024349	  0.877995	  0.050967	
  0.016745	  0.045052	  0.055401	  0.882802	
  0.705500	  0.038879	  0.225744	  0.029878	
  0.637042	  0.058381	  0.032013	  0.272564	

MOTIF 31 MYB55_2-MYB55_2

letter-probability matrix: alength= 4 w= 8 nsites= 20 E= 0.0e+000
  0.083119	  0.010322	  0.888022	  0.018536	
  0.017937	  0.010719	  0.695595	  0.275748	
  0.009180	  0.077478	  0.007236	  0.906105	
  0.106196	  0.032610	  0.689028	  0.172166	
  0.007888	  0.005446	  0.977386	  0.009281	
  0.007191	  0.013903	  0.443953	  0.534952	
  0.019629	  0.006043	  0.014202	  0.960126	
  0.101121	  0.047734	  0.825247	  0.025898	

MOTIF 32 RRTF1_2-RRTF1_2

letter-probability matrix: alength= 4 w= 8 nsites= 20 E= 0.0e+000
  0.099738	  0.864338	  0.022761	  0.013162	
  0.004504	  0.007436	  0.983456	  0.004604	
  0.005798	  0.970822	  0.017882	  0.005500	
  0.013758	  0.976889	  0.005147	  0.004206	
  0.005300	  0.006639	  0.981269	  0.006792	
  0.028783	  0.904650	  0.018978	  0.047589	
  0.443155	  0.541121	  0.005048	  0.010675	
  0.899330	  0.019774	  0.028530	  0.052365	

MOTIF 33 ORA47-ORA47

letter-probability matrix: alength= 4 w= 8 nsites= 20 E= 0.0e+000
  0.579231	  0.002162	  0.411615	  0.006992	
  0.002315	  0.989227	  0.003555	  0.004902	
  0.007490	  0.986839	  0.003257	  0.002415	
  0.003509	  0.003058	  0.989922	  0.003509	
  0.715820	  0.009626	  0.066249	  0.208306	
  0.003907	  0.987834	  0.002361	  0.005898	
  0.044608	  0.939868	  0.002262	  0.013262	
  0.732837	  0.011715	  0.070826	  0.184622	

MOTIF 34 RRTF1_3ary-RRTF1_3ary

letter-probability matrix: alength= 4 w= 8 nsites= 20 E= 0.0e+000
  0.053261	  0.915993	  0.019376	  0.011370	
  0.003708	  0.005048	  0.985447	  0.005798	
  0.005400	  0.964152	  0.026540	  0.003907	
  0.019730	  0.968925	  0.003953	  0.007391	
  0.009579	  0.009724	  0.974998	  0.005699	
  0.063211	  0.808331	  0.014899	  0.113559	
  0.171154	  0.763578	  0.005645	  0.059623	
  0.806513	  0.041263	  0.077876	  0.074348	

MOTIF 35 RAP2.3_3ary-RAP2.3_3ary

letter-probability matrix: alength= 4 w= 8 nsites= 20 E= 0.0e+000
  0.207390	  0.700769	  0.029625	  0.062216	
  0.005898	  0.003257	  0.986142	  0.004703	
  0.003410	  0.971712	  0.013706	  0.011172	
  0.082415	  0.911316	  0.003058	  0.003211	
  0.007788	  0.229028	  0.755993	  0.007191	
  0.157340	  0.696391	  0.041366	  0.104902	
  0.078534	  0.900570	  0.003058	  0.017838	
  0.725798	  0.037585	  0.061167	  0.175450	

MOTIF 36 RAP2.3_2-RAP2.3_2

letter-probability matrix: alength= 4 w= 8 nsites= 20 E= 0.0e+000
  0.341121	  0.564152	  0.037486	  0.057241	
  0.004902	  0.004749	  0.985048	  0.005300	
  0.005699	  0.956590	  0.029028	  0.008684	
  0.010872	  0.973706	  0.010420	  0.005002	
  0.006792	  0.014997	  0.968832	  0.009379	
  0.025002	  0.863058	  0.031217	  0.080723	
  0.280397	  0.667170	  0.006539	  0.045893	
  0.620487	  0.071323	  0.108641	  0.199549	

MOTIF 37 WRKY45-WRKY45

letter-probability matrix: alength= 4 w= 8 nsites= 20 E= 0.0e+000
  0.060922	  0.872212	  0.026341	  0.040524	
  0.016246	  0.004948	  0.889028	  0.089778	
  0.007589	  0.018978	  0.003157	  0.970276	
  0.005300	  0.004550	  0.012411	  0.977738	
  0.005201	  0.004749	  0.981764	  0.008286	
  0.984504	  0.006540	  0.003655	  0.005300	
  0.006892	  0.982860	  0.004053	  0.006195	
  0.008783	  0.529923	  0.012411	  0.448883	

MOTIF 38 RAP2.6_2-RAP2.6_2

letter-probability matrix: alength= 4 w= 8 nsites= 20 E= 0.0e+000
  0.561121	  0.058779	  0.290421	  0.089679	
  0.053460	  0.005645	  0.931913	  0.008982	
  0.016940	  0.942665	  0.018578	  0.021816	
  0.013161	  0.932709	  0.045943	  0.008186	
  0.033360	  0.006341	  0.951217	  0.009082	
  0.052564	  0.771515	  0.072013	  0.103907	
  0.489431	  0.455549	  0.014798	  0.040222	
  0.673428	  0.152127	  0.013109	  0.161336	

MOTIF 39 Dof5.7_2-Dof5.7_2

letter-probability matrix: alength= 4 w= 8 nsites= 20 E= 0.0e+000
  0.469333	  0.148117	  0.127124	  0.255424	
  0.025898	  0.934500	  0.019376	  0.020226	
  0.017042	  0.004053	  0.940172	  0.038733	
  0.017042	  0.010620	  0.020869	  0.951470	
  0.013062	  0.018083	  0.017088	  0.951768	
  0.883509	  0.026938	  0.032311	  0.057241	
  0.860922	  0.054401	  0.032610	  0.052067	
  0.044902	  0.893207	  0.009525	  0.052365	

MOTIF 40 DREB2C-DREB2C

letter-probability matrix: alength= 4 w= 8 nsites= 20 E= 0.0e+000
  0.028090	  0.016791	  0.927827	  0.027293	
  0.005599	  0.956586	  0.006342	  0.031473	
  0.006894	  0.048436	  0.939370	  0.005300	
  0.022616	  0.005744	  0.968527	  0.003111	
  0.003111	  0.968527	  0.005744	  0.022616	
  0.005300	  0.939370	  0.048436	  0.006894	
  0.031473	  0.006342	  0.956586	  0.005599	
  0.027293	  0.927827	  0.016791	  0.028090	

MOTIF 41 RRTF1-RRTF1

letter-probability matrix: alength= 4 w= 8 nsites= 20 E= 0.0e+000
  0.039434	  0.287067	  0.659243	  0.014257	
  0.050773	  0.932411	  0.009326	  0.007490	
  0.004206	  0.005943	  0.985545	  0.004305	
  0.003808	  0.823854	  0.169028	  0.003310	
  0.013858	  0.978282	  0.003854	  0.004007	
  0.005101	  0.013902	  0.974900	  0.006097	
  0.039127	  0.858992	  0.014698	  0.087182	
  0.206673	  0.770643	  0.003854	  0.018831	

