genotype	V3	V4	V5	V6	V7	V8	V9	V10	V11	V12	V13	V14	V15	V16	V17	V18	V19	V20	V21	DPS	silking	node
N28	10	18	24	30	35	40	47	50	55	58	63	67	69	72	75	77	78	80		80	82	20
N28	10	17	24	29	34	40	46	50	53	57	61	65	69	72	75	76	78	81	81	81	82	21
N28	9	16	23	28	33	38	43	48	52	56	60	64	65	69	72	74	76	77	78	78	80	21
N28	9	16	23	29	35	39	45	50	53	59	63	65	70	72	74	76	78	79	80	80	82	21
N28	9	16	22	28	33	38	44	48	52	58	60	64	68	72	73	76	78	80	80	80	83	21
N28	9	16	23	29	35	39	44	49	53	57	61	66	69	72	74	76	78	79	80	81	83	21
N28	9	15	22	27	32	38	45	49	54	58	63	65	68	72	75	77	79	81	85	84	87	21
N28	8	14	21	27	32	37	44	49	52	56	61	64	67	69	72	75	77	79	80	78	80	21
N28	8	14	21	27	32	37	42	47	51	55	61	64	68	71	73	76	78	79	81	81	82	21
N28	8	15	21	26	31	37	43	47	53	57	61	66	69	72	75	76	78	81	83	82	85	21
N28	9	15	22	28	33	38	45	52	55	58	61	67	71	74	76	78	82	83	84	85	86	21
N28	8	15	21	27	32	37	43	48	52	56	60	64	68	71	73	76	79	80	82	81	85	21
C22-4	7	12	18	23	28	33	37	42	45	49	52	56	58	61	63	64	64			64	67	19
C22-4	7	13	19	25	31	36	41	48	51	55	58	61	63	65	67	69	70			69	74	19
C22-4	6	12	18	23	28	33	38	41	45	49	52	54	57	59	61	63	63	64		64	66	20
C22-4	6	12	18	24	29	34	39	43	47	50	53	55	58	59	61	62	64			65	67	19
C22-4	8	13	18	24	29	34	39	44	48	51	54	57	59	60	62	64	66			66	68	19
C22-4	5	11	17	23	29	32	37	41	46	49	51	55	58	60	61	63	64	67		64	66	20
C22-4	7	14	20	26	31	35	41	46	50	53	57	59	61	63	64	65	66			67	70	19
C22-4	7	12	18	24	29	33	38	43	48	51	54	57	59	61	64	64	65			66	69	19
C22-4	5	12	17	23	29	33	37	42	46	49	54	57	59	61	63	64	66			66	66	19
C22-4	5	11	17	23	28	33	38	44	47	51	54	57	59	60	62	64	65			65	67	19
C22-4	8	15	21	26	31	36	40	44	48	52	54	58	60	62	63	64	64			67	70	19
C22-4	4	11	17	21	27	31	36	41	42	48	51	52	55	57	59	62	63	64		64	66	20
B104	7	15	21	27	33	39	44	50	54	59	63	64	67	70	72	74	76	77		71	81	20
B104	6	13	19	24	29	38	42	47	50	54	57	60	64	65	68	69	72	72	74	70	77	21
B104	9	14	20	25	29	37	43	48	52	57	60	65	67	69	72	72	75	76	77	70	84	21
B104	8	14	19	26	31	38	45	57					68	74	77	78	80	82	83	81		21
B104	9	15	21	27	33	38	44	48	53	56	60	63	64	66	68	70	72	73		68	76	20
B104	7	13	20	25	31	37	42	47	50	55	58	60	63	65	67	69	72	72	72	68	74	21
B104	8	15	20	26	31	38	44	49	54	57	59	64	67	72	73	75	76	78	79	73	80	21
B104	7	13	19	25	33	38	45	46	49	56	63	65	69	72	75	77	79	81	83	83		22
B104	9	15	22	28	33	39	46	50	56	60	65	70	71	73	77	78	80	82	82	80	85	21
B104	7	13	20	24	29	35	40	47	50	54	58	60	63	65	68	70	72	73	73	68	78	21
Vgt1-IR_327-16	3	12	17	24	29	34	40	46	49	54	57	60	63	65	67	69	70	74		69	78	20
Vgt1-IR_327-16	5	14	21	27	31	38	44	49	53	56	60	63	65	68	70	72	73	74		70	77	20
Vgt1-IR_327-16	5	14	20	26	32	38	46	49	53	57	61	64	67	69	71	72	74	75		71	80	20
Vgt1-IR_327-16	5	12	18	24	29	35	41	46	50	55	58	62	64	67	69	71	73	74		70	80	20
Vgt1-IR_327-16	4	13	20	26	33	38	43	48	53	57	61	64	68	70	72	74	76	78		73	82	20
Vgt1-IR_327-16	4	14	21	27	32	40	47	50	54	57	60	62	66	68	69	70	72	73		70	77	20
Vgt1-IR_327-16	4	12	19	24	29	35	42	47	52	56	59	63	65	68	71	72	75	77		73	81	20
Vgt1-IR_327-16	4	12	19	25	30	36	40	47	51	55	58	63	65	67	70	72	73	74		71	79	20
Vgt1-IR_327-16	5	13	20	27	32	38	44	50	55	58	62	65	67	69	71	73	75	76		72	81	20
Vgt1-IR_327-16	5	12	18	24	29	34	40	45	50	53	57	59	64	65	67	69	70	72		69	76	20
Vgt1-IR_327-16	3	12	19	25	30	37	43	47	52	56	59	63	65	69	70	72	75	76		71	84	20
Vgt1-IR_327-16	3	12	19	25	30	38	43	48	52	57	59	63	66	68	70	72	74	76		71	83	20
Vgt1-IR_327-16	3	11	17	23	29	35	41	46	49	53	57	61	63	64	66	68	69	71		69	78	20
Vgt1-IR_327-16	4	13	19	25	30	35	42	47	51	55	59	62	64	68	71	72	73	75		71	79	20
Vgt1-IR_327-16	4	12	20	25	32	38	44	49	53	57	60	64	67	69	72	73	75	76		72	80	20
Vgt1-IR_327-16	3	12	18	25	29	36	42	47	52	54	58	61	64	65	68	69	71	72		69	77	20
Vgt1-IR_327-16	4	14	21	27	32	39	44	48	53	57	60	63	65	67	69	72	74	74		70	80	20
Vgt1-IR_327-16	3	12	19	25	30	37	42	47	52	54	57	60	63	65	66	68	69	70		68	79	20
Vgt1-IR_327-38	4	11	16	21	26	32	38	43	46	49	52	55	57	62	63	64	65	67	67	65	70	21
Vgt1-IR_327-38	4	13	18	24	29	35	41	45	49	52	55	58	61	63	64	65	67			65	73	19
Vgt1-IR_327-38	4	11	17	22	27	32	39	43	47	49	52	55	58	60	63	64	65	66	67	63	69	21
Vgt1-IR_327-38	5	12	18	23	29	33	41	44	48	51	54	57	59	63	64	66	67	68		64	71	20
Vgt1-IR_327-38	4	12	17	22	28	34	40	43	47	50	53	56	58	61	63	64	66	66		64	70	20
Vgt1-IR_327-38	4	13	19	25	30	42	43	48	51	54	57	61	63	64	65	68	70			65	73	19
Vgt1-IR_327-38	4	13	19	24	29	35	41	45	49	52	56	59	63	64	66	68	70	71		66	76	20
Vgt1-IR_327-38	4	11	17	22	28	35	40	44	47	51	55	57	61	63	64	65	68	69		65	74	20
Vgt1-IR_327-38	4	13	18	24	29	36	41	46	49	52	55	59	60	62	64	66	68	68		64	70	20
Vgt1-IR_327-38	7	14	20	26	32	40	51	52	55	58	61	64	67	69	71	73	74			73	78	19
Vgt1-IR_327-38	4	11	17	21	27	32	38	43	47	50	53	57	60	63	64	65	67	69		65	74	20
Vgt1-IR_327-38	4	11	17	22	27	33	41	43	48	51	54	57	60	63	64	65	66	69		66	73	20
Vgt1-IR_327-38	4	11	17	22	27	33	39	43	48	51	54	57	59	63	64	65	66	68		65	73	20
Vgt1-IR_327-38	4	12	18	23	28	34	41	45	48	51	57	59	62	64	65	68	71	72		67	79	20
Vgt1-IR_327-38	5	12	18	22	28	34	40	44	48	51	54	57	60	62	63	64	66	66		64	74	20
Vgt1-IR_327-38	5	11	17	22	27	33	39	43	48	51	54	57	60	63	64	65	67	69		64	73	20
Vgt1-IR_327-38	5	13	19	25	30	37	44	47	51	54	57	61	63	64	65	67	69			67	74	19
Vgt1-IR_327-38	5	12	18	23	30	35	41	46	49	52	56	58	61	63	64	67	68	68		64	73	20
Vgt1-IR_327-38	5	11	17	23	28	34	40	44	48	52	55	57	61	63	64	66	67	69		65	74	20
Vgt1-IR_331-06	6	12	18	23	29	36	45	49	52	55	58	63	65	68	70	72	75	76	78	73	84	21
Vgt1-IR_331-06	6	13	19	24	30	37	41	47	50	54	57	60	63	65	67	68	71			65	74	19
Vgt1-IR_331-06	7	14	19	25	29	36	42	47	49	52	56	59	62	64	65	68	69	70		66	77	20
Vgt1-IR_331-06	5	13	19	24	29	34	40	45	48	52	55	59	62	63	64	66	68	69		65	75	20
Vgt1-IR_331-06	6	12	18	23	27	34	40	43	47	51	54	57	60	62	64	65	67	68		66	73	20
Vgt1-IR_331-06	6	13	19	25	29	36	41	45	49	52	55	59	61	63	64	66	68	69		67	74	20
Vgt1-IR_331-06	6	13	20	25	30	37	42	47	51	55	58	62	63	65	67	71	71	72		69	79	20
Vgt1-IR_331-06	6	13	19	24	30	38	43	47	50	52	57	59	61	62	64	65	67			64	70	19
Vgt1-IR_331-06	6	13	20	25	31	37	42	47	51	55	58	61	64	65	68	69	73	73		70	79	20
Vgt1-IR_331-06	5	13	19	25	30	38	42	46	50	53	56	59	62	63	65	67	69			65	72	19
Vgt1-IR_331-06	5	12	19	24	29	35	40	45	49	53	56	60	61	64	66	67	71	71		67	77	20
Vgt1-IR_331-06	5	12	18	23	28	33	40	43	47	51	54	57	59	63	64	67	68	69		66	76	20
Vgt1-IR_331-06	5	12	18	23	28	34	40	43	47	51	52	56	60	62	63	64	66	67		64	72	20
Vgt1-IR_331-06	5	13	20	25	30	37	42	47	50	53	57	59	61	63	64	66	67			64	72	19
Vgt1-IR_331-06	4	13	20	26	33	39	44	48	52	56	58	61	63	64	66	68				64	72	18
Vgt1-IR_331-06	5	14	20	25	30	38	44	48	52	55	58	62	63	65	68	69	71	72		67	76	20
Vgt1-IR_331-06	4	14	19	25	31	37	42	47	50	53	57	60	62	63	65	66	68			65	73	19
Vgt1-IR_331-06	4	13	19	25	31	39	43	48	52	55	58	62	64	65	67	68	69			67	76	19
Vgt1-IR_331-06	5	13	19	24	30	36	42	47	51	54	57	60	63	65	67	69	70	71		66	76	20
Vgt1-IR_331-06	5	14	20	25	30	38	43	47	51	55	58	62	63	66	67	69	71			67	78	19
Vgt1-IR_331-06	5	13	19	24	30	36	41	46	49	53	57	59	62	63	64	66	68			66	73	19
Vgt1-IR_331-06	5	14	19	25	30	38	42	48	52	56	59	63	64	67	69	71	73			68	78	19
Vgt1-IR_331-06	5	14	21	26	31	40	43	49	53	57	60	63	65	67	69	70	72	72		68	79	20
Vgt1-IR_331-06	6	13	19	24	29	35	40	46	49	53	57	59	62	64	65	68	68	69		65	76	20