MEME version 5.5.5 (Thu Sep 14 08:48:04 2023 +1000)

ALPHABET= ACGT

strands: + -

Background letter frequencies (from file `meme_chip_maxw_8/EREB17_rep1/background'):
A 0.17030 C 0.32970 G 0.32970 T 0.17030 

MOTIF 1 8-CCGCCGCC-STREME-8

letter-probability matrix: alength= 4 w= 8 nsites= 125 E= 3.3e+000
  0.014709	  0.939836	  0.030745	  0.014709	
  0.014709	  0.939836	  0.030745	  0.014709	
  0.014709	  0.030745	  0.939836	  0.014709	
  0.014709	  0.939836	  0.030745	  0.014709	
  0.014709	  0.939836	  0.030745	  0.014709	
  0.014709	  0.030745	  0.939836	  0.014709	
  0.014709	  0.939836	  0.030745	  0.014709	
  0.014709	  0.939836	  0.030745	  0.014709	

MOTIF 2 GGCGGYGG-MEME-2

letter-probability matrix: alength= 4 w= 8 nsites= 320 E= 1.4e-025
  0.000000	  0.000000	  1.000000	  0.000000	
  0.106250	  0.000000	  0.893750	  0.000000	
  0.071875	  0.700000	  0.037500	  0.190625	
  0.000000	  0.000000	  1.000000	  0.000000	
  0.000000	  0.000000	  1.000000	  0.000000	
  0.000000	  0.440625	  0.000000	  0.559375	
  0.000000	  0.000000	  1.000000	  0.000000	
  0.000000	  0.000000	  1.000000	  0.000000	

MOTIF 3 1-CACCGCCC-STREME-1

letter-probability matrix: alength= 4 w= 8 nsites= 455 E= 6.7e-004
  0.005155	  0.961109	  0.024123	  0.009613	
  0.696780	  0.025684	  0.251962	  0.025574	
  0.000233	  0.990163	  0.009371	  0.000233	
  0.027897	  0.966693	  0.000487	  0.004923	
  0.019527	  0.010474	  0.962775	  0.007224	
  0.022164	  0.754722	  0.057629	  0.165485	
  0.076958	  0.888681	  0.024353	  0.010008	
  0.078733	  0.861879	  0.000487	  0.058900	

MOTIF 4 CSGCRCCG-MEME-3

letter-probability matrix: alength= 4 w= 8 nsites= 242 E= 2.7e-003
  0.000000	  1.000000	  0.000000	  0.000000	
  0.000000	  0.417355	  0.582645	  0.000000	
  0.000000	  0.000000	  1.000000	  0.000000	
  0.000000	  1.000000	  0.000000	  0.000000	
  0.446281	  0.000000	  0.553719	  0.000000	
  0.000000	  1.000000	  0.000000	  0.000000	
  0.000000	  1.000000	  0.000000	  0.000000	
  0.000000	  0.000000	  1.000000	  0.000000	

MOTIF 5 AAARRRAA-MEME-1

letter-probability matrix: alength= 4 w= 8 nsites= 86 E= 4.3e-018
  1.000000	  0.000000	  0.000000	  0.000000	
  0.767442	  0.000000	  0.232558	  0.000000	
  0.837209	  0.000000	  0.162791	  0.000000	
  0.534884	  0.000000	  0.325581	  0.139535	
  0.500000	  0.000000	  0.500000	  0.000000	
  0.453488	  0.000000	  0.546512	  0.000000	
  1.000000	  0.000000	  0.000000	  0.000000	
  1.000000	  0.000000	  0.000000	  0.000000	

MOTIF 6 2-AASCAAA-STREME-2

letter-probability matrix: alength= 4 w= 7 nsites= 52 E= 2.7e-002
  0.994887	  0.002063	  0.002063	  0.000987	
  0.994887	  0.002063	  0.002063	  0.000987	
  0.000987	  0.629457	  0.368569	  0.000987	
  0.000987	  0.717419	  0.188876	  0.092718	
  0.994887	  0.002063	  0.002063	  0.000987	
  0.994887	  0.002063	  0.002063	  0.000987	
  0.779346	  0.217604	  0.002063	  0.000987	

MOTIF 7 3-YACGTR-STREME-3

letter-probability matrix: alength= 4 w= 6 nsites= 63 E= 3.9e-002
  0.014709	  0.485291	  0.030745	  0.469255	
  0.923800	  0.030745	  0.030745	  0.014709	
  0.014709	  0.939836	  0.030745	  0.014709	
  0.014709	  0.030745	  0.939836	  0.014709	
  0.014709	  0.030745	  0.030745	  0.923800	
  0.469255	  0.030745	  0.485291	  0.014709	

