MEME version 5.5.5 (Thu Sep 14 08:48:04 2023 +1000)

ALPHABET= ACGT

strands: + -

Background letter frequencies (from file `meme_chip_maxw_8/EREB97_rep2/background'):
A 0.14420 C 0.35580 G 0.35580 T 0.14420 

MOTIF 1 CGCCGCCG-MEME-1

letter-probability matrix: alength= 4 w= 8 nsites= 754 E= 4.2e-485
  0.000000	  1.000000	  0.000000	  0.000000	
  0.000000	  0.000000	  1.000000	  0.000000	
  0.000000	  1.000000	  0.000000	  0.000000	
  0.000000	  1.000000	  0.000000	  0.000000	
  0.000000	  0.000000	  1.000000	  0.000000	
  0.000000	  0.901857	  0.000000	  0.098143	
  0.000000	  1.000000	  0.000000	  0.000000	
  0.135279	  0.000000	  0.820955	  0.043767	

MOTIF 2 1-CCGCCGCC-STREME-1

letter-probability matrix: alength= 4 w= 8 nsites= 720 E= 3.4e-008
  0.000084	  0.830320	  0.140101	  0.029495	
  0.000084	  0.999612	  0.000219	  0.000084	
  0.000084	  0.012272	  0.987559	  0.000084	
  0.000084	  0.999612	  0.000219	  0.000084	
  0.000084	  0.999612	  0.000219	  0.000084	
  0.000084	  0.023964	  0.975867	  0.000084	
  0.000084	  0.999612	  0.000219	  0.000084	
  0.000084	  0.999612	  0.000219	  0.000084	

MOTIF 3 CTSCTSCT-MEME-2

letter-probability matrix: alength= 4 w= 8 nsites= 248 E= 1.3e-090
  0.000000	  0.887097	  0.000000	  0.112903	
  0.000000	  0.000000	  0.000000	  1.000000	
  0.048387	  0.399194	  0.552419	  0.000000	
  0.000000	  0.971774	  0.000000	  0.028226	
  0.000000	  0.000000	  0.000000	  1.000000	
  0.064516	  0.391129	  0.544355	  0.000000	
  0.000000	  1.000000	  0.000000	  0.000000	
  0.149194	  0.000000	  0.000000	  0.850806	

MOTIF 4 GACGACGA-MEME-3

letter-probability matrix: alength= 4 w= 8 nsites= 179 E= 3.2e-039
  0.000000	  0.000000	  1.000000	  0.000000	
  1.000000	  0.000000	  0.000000	  0.000000	
  0.005587	  0.865922	  0.100559	  0.027933	
  0.000000	  0.000000	  1.000000	  0.000000	
  0.832402	  0.000000	  0.167598	  0.000000	
  0.000000	  0.882682	  0.111732	  0.005587	
  0.044693	  0.000000	  0.955307	  0.000000	
  0.787709	  0.000000	  0.212291	  0.000000	

MOTIF 5 7-CRGCGCYG-STREME-7

letter-probability matrix: alength= 4 w= 8 nsites= 131 E= 2.8e+000
  0.012655	  0.941891	  0.032800	  0.012655	
  0.467200	  0.032800	  0.487345	  0.012655	
  0.012655	  0.032800	  0.941891	  0.012655	
  0.012655	  0.941891	  0.032800	  0.012655	
  0.012655	  0.032800	  0.941891	  0.012655	
  0.012655	  0.941891	  0.032800	  0.012655	
  0.012655	  0.487345	  0.032800	  0.467200	
  0.012655	  0.032800	  0.941891	  0.012655	

MOTIF 6 2-THGAGST-STREME-2

letter-probability matrix: alength= 4 w= 7 nsites= 117 E= 1.9e-002
  0.000396	  0.001027	  0.001027	  0.997549	
  0.284855	  0.471560	  0.001027	  0.242558	
  0.166927	  0.001027	  0.757644	  0.074402	
  0.669688	  0.001027	  0.328889	  0.000396	
  0.000396	  0.001027	  0.827230	  0.171347	
  0.000396	  0.365485	  0.633722	  0.000396	
  0.000396	  0.001027	  0.001027	  0.997549	

