MEME version 5.5.5 (Thu Sep 14 08:48:04 2023 +1000)

ALPHABET= ACGT

strands: + -

Background letter frequencies (from file `meme_chip_maxw_8/EREB147_rep2/background'):
A 0.17580 C 0.32420 G 0.32420 T 0.17580 

MOTIF 1 CGRCGGCG-MEME-2

letter-probability matrix: alength= 4 w= 8 nsites= 305 E= 9.6e-040
  0.000000	  1.000000	  0.000000	  0.000000	
  0.000000	  0.000000	  1.000000	  0.000000	
  0.426230	  0.000000	  0.573770	  0.000000	
  0.000000	  1.000000	  0.000000	  0.000000	
  0.000000	  0.000000	  1.000000	  0.000000	
  0.301639	  0.000000	  0.698361	  0.000000	
  0.000000	  1.000000	  0.000000	  0.000000	
  0.226230	  0.000000	  0.773770	  0.000000	

MOTIF 2 5-CGMCGKCG-STREME-5

letter-probability matrix: alength= 4 w= 8 nsites= 291 E= 3.2e-001
  0.011047	  0.942827	  0.027136	  0.018990	
  0.019493	  0.007256	  0.955546	  0.017706	
  0.350288	  0.421743	  0.140881	  0.087088	
  0.015383	  0.956636	  0.013366	  0.014616	
  0.014616	  0.013366	  0.956636	  0.015383	
  0.087088	  0.140881	  0.421743	  0.350288	
  0.017706	  0.955546	  0.007256	  0.019493	
  0.018990	  0.027136	  0.942827	  0.011047	

MOTIF 3 TTTYTTTT-MEME-1

letter-probability matrix: alength= 4 w= 8 nsites= 64 E= 1.8e-039
  0.000000	  0.000000	  0.000000	  1.000000	
  0.000000	  0.000000	  0.000000	  1.000000	
  0.218750	  0.000000	  0.000000	  0.781250	
  0.000000	  0.281250	  0.156250	  0.562500	
  0.031250	  0.000000	  0.000000	  0.968750	
  0.250000	  0.000000	  0.000000	  0.750000	
  0.171875	  0.000000	  0.000000	  0.828125	
  0.000000	  0.000000	  0.000000	  1.000000	

MOTIF 4 1-GACAGCGA-STREME-1

letter-probability matrix: alength= 4 w= 8 nsites= 91 E= 4.0e-002
  0.117560	  0.001028	  0.819705	  0.061707	
  0.997414	  0.001028	  0.001028	  0.000530	
  0.000530	  0.700806	  0.298134	  0.000530	
  0.997414	  0.001028	  0.001028	  0.000530	
  0.232039	  0.001028	  0.766403	  0.000530	
  0.146257	  0.538022	  0.236335	  0.079386	
  0.000530	  0.001028	  0.997912	  0.000530	
  0.997414	  0.001028	  0.001028	  0.000530	

