MEME version 5.5.5 (Thu Sep 14 08:48:04 2023 +1000)

ALPHABET= ACGT

strands: + -

Background letter frequencies (from file `meme_chip_maxw_8/EREB198_rep2/background'):
A 0.18450 C 0.31550 G 0.31550 T 0.18450 

MOTIF 1 CGCCGCCG-MEME-1

letter-probability matrix: alength= 4 w= 8 nsites= 647 E= 3.5e-175
  0.165379	  0.704791	  0.105100	  0.024730	
  0.000000	  0.004637	  0.995363	  0.000000	
  0.000000	  0.948995	  0.000000	  0.051005	
  0.023184	  0.976816	  0.000000	  0.000000	
  0.000000	  0.000000	  1.000000	  0.000000	
  0.000000	  0.905719	  0.000000	  0.094281	
  0.000000	  1.000000	  0.000000	  0.000000	
  0.114374	  0.163833	  0.667697	  0.054096	

MOTIF 2 1-GGCGGCGA-STREME-1

letter-probability matrix: alength= 4 w= 8 nsites= 452 E= 4.4e-003
  0.015807	  0.012322	  0.971270	  0.000602	
  0.148753	  0.018308	  0.823630	  0.009310	
  0.010890	  0.979069	  0.009511	  0.000530	
  0.008300	  0.001672	  0.988627	  0.001401	
  0.010316	  0.007240	  0.982076	  0.000368	
  0.002298	  0.991377	  0.002739	  0.003586	
  0.010032	  0.010073	  0.823736	  0.156159	
  0.584339	  0.088699	  0.291513	  0.035449	

MOTIF 3 TTTTTTTT-MEME-2

letter-probability matrix: alength= 4 w= 8 nsites= 51 E= 2.0e-028
  0.000000	  0.019608	  0.000000	  0.980392	
  0.000000	  0.000000	  0.000000	  1.000000	
  0.000000	  0.058824	  0.000000	  0.941176	
  0.000000	  0.235294	  0.000000	  0.764706	
  0.117647	  0.039216	  0.196078	  0.647059	
  0.000000	  0.039216	  0.000000	  0.960784	
  0.000000	  0.000000	  0.000000	  1.000000	
  0.000000	  0.000000	  0.000000	  1.000000	

MOTIF 4 2-GCACDGCA-STREME-2

letter-probability matrix: alength= 4 w= 8 nsites= 105 E= 4.3e-002
  0.000584	  0.001101	  0.997732	  0.000584	
  0.164214	  0.834102	  0.001101	  0.000584	
  0.997214	  0.001101	  0.001101	  0.000584	
  0.129640	  0.778719	  0.001101	  0.090540	
  0.327389	  0.001101	  0.418474	  0.253037	
  0.000584	  0.001101	  0.891230	  0.107085	
  0.000584	  0.997732	  0.001101	  0.000584	
  0.997214	  0.001101	  0.001101	  0.000584	

