MEME version 5.5.5 (Thu Sep 14 08:48:04 2023 +1000)

ALPHABET= ACGT

strands: + -

Background letter frequencies (from file `meme_chip_maxw_8/EREB147_rep1/background'):
A 0.17830 C 0.32170 G 0.32170 T 0.17830 

MOTIF 1 CGCCGYCG-MEME-2

letter-probability matrix: alength= 4 w= 8 nsites= 232 E= 9.6e-039
  0.000000	  1.000000	  0.000000	  0.000000	
  0.000000	  0.000000	  1.000000	  0.000000	
  0.000000	  0.681034	  0.000000	  0.318966	
  0.000000	  1.000000	  0.000000	  0.000000	
  0.000000	  0.000000	  1.000000	  0.000000	
  0.000000	  0.573276	  0.000000	  0.426724	
  0.000000	  1.000000	  0.000000	  0.000000	
  0.000000	  0.000000	  1.000000	  0.000000	

MOTIF 2 1-CCGCCGCG-STREME-1

letter-probability matrix: alength= 4 w= 8 nsites= 172 E= 6.8e-002
  0.000632	  0.997514	  0.001222	  0.000632	
  0.000632	  0.997514	  0.001222	  0.000632	
  0.000632	  0.167565	  0.807824	  0.023979	
  0.000632	  0.997514	  0.001222	  0.000632	
  0.037019	  0.961127	  0.001222	  0.000632	
  0.000632	  0.023419	  0.904609	  0.071339	
  0.028170	  0.918842	  0.052356	  0.000632	
  0.000632	  0.319919	  0.656327	  0.023122	

MOTIF 3 4-GACGRCGA-STREME-4

letter-probability matrix: alength= 4 w= 8 nsites= 244 E= 3.0e-001
  0.024030	  0.000631	  0.975013	  0.000326	
  0.998412	  0.000631	  0.000631	  0.000326	
  0.000326	  0.751232	  0.013897	  0.234545	
  0.106463	  0.184134	  0.589898	  0.119504	
  0.327436	  0.029811	  0.642427	  0.000326	
  0.000326	  0.939985	  0.000631	  0.059058	
  0.000326	  0.000631	  0.998717	  0.000326	
  0.998412	  0.000631	  0.000631	  0.000326	

MOTIF 4 5-CYACCGCC-STREME-5

letter-probability matrix: alength= 4 w= 8 nsites= 71 E= 7.4e-001
  0.000905	  0.996441	  0.001749	  0.000905	
  0.000905	  0.417818	  0.001749	  0.579528	
  0.995597	  0.001749	  0.001749	  0.000905	
  0.016165	  0.833699	  0.149230	  0.000905	
  0.000905	  0.996441	  0.001749	  0.000905	
  0.103778	  0.090872	  0.804444	  0.000905	
  0.000905	  0.996441	  0.001749	  0.000905	
  0.000905	  0.996441	  0.001749	  0.000905	

MOTIF 5 AAAAAAAA-MEME-1

letter-probability matrix: alength= 4 w= 8 nsites= 51 E= 9.8e-020
  0.901961	  0.000000	  0.000000	  0.098039	
  0.960784	  0.000000	  0.000000	  0.039216	
  0.686275	  0.078431	  0.000000	  0.235294	
  1.000000	  0.000000	  0.000000	  0.000000	
  0.784314	  0.000000	  0.215686	  0.000000	
  0.627451	  0.098039	  0.000000	  0.274510	
  0.980392	  0.000000	  0.000000	  0.019608	
  1.000000	  0.000000	  0.000000	  0.000000	

