MEME version 5.5.5 (Thu Sep 14 08:48:04 2023 +1000)

ALPHABET= ACGT

strands: + -

Background letter frequencies (from file `meme_chip_maxw_8/EREB54_rep2/background'):
A 0.17430 C 0.32570 G 0.32570 T 0.17430 

MOTIF 1 CGRCGGCG-MEME-1

letter-probability matrix: alength= 4 w= 8 nsites= 312 E= 1.7e-037
  0.000000	  0.990385	  0.009615	  0.000000	
  0.000000	  0.000000	  1.000000	  0.000000	
  0.336538	  0.000000	  0.663462	  0.000000	
  0.000000	  1.000000	  0.000000	  0.000000	
  0.000000	  0.000000	  1.000000	  0.000000	
  0.205128	  0.163462	  0.631410	  0.000000	
  0.000000	  1.000000	  0.000000	  0.000000	
  0.000000	  0.000000	  1.000000	  0.000000	

MOTIF 2 1-GCCGCCGC-STREME-1

letter-probability matrix: alength= 4 w= 8 nsites= 403 E= 8.1e-002
  0.055512	  0.006025	  0.911817	  0.026646	
  0.000393	  0.875714	  0.118745	  0.005148	
  0.000393	  0.998435	  0.000779	  0.000393	
  0.038272	  0.077929	  0.869625	  0.014173	
  0.000393	  0.998435	  0.000779	  0.000393	
  0.000393	  0.998435	  0.000779	  0.000393	
  0.000393	  0.039155	  0.889863	  0.070589	
  0.058284	  0.850883	  0.090440	  0.000393	

MOTIF 3 3-GACGRCGA-STREME-3

letter-probability matrix: alength= 4 w= 8 nsites= 241 E= 3.2e-001
  0.127958	  0.030255	  0.767423	  0.074363	
  0.999170	  0.000331	  0.000331	  0.000167	
  0.003447	  0.883839	  0.050332	  0.062382	
  0.200512	  0.026763	  0.592357	  0.180368	
  0.313948	  0.074588	  0.585768	  0.025696	
  0.112814	  0.540015	  0.247813	  0.099358	
  0.054236	  0.000331	  0.945266	  0.000167	
  0.999170	  0.000331	  0.000331	  0.000167	

MOTIF 4 WAWAAAWA-MEME-2

letter-probability matrix: alength= 4 w= 8 nsites= 53 E= 2.5e-012
  0.471698	  0.000000	  0.000000	  0.528302	
  1.000000	  0.000000	  0.000000	  0.000000	
  0.433962	  0.000000	  0.000000	  0.566038	
  0.886792	  0.000000	  0.000000	  0.113208	
  0.698113	  0.000000	  0.000000	  0.301887	
  0.698113	  0.000000	  0.000000	  0.301887	
  0.660377	  0.000000	  0.000000	  0.339623	
  1.000000	  0.000000	  0.000000	  0.000000	

