MEME version 5.5.5 (Thu Sep 14 08:48:04 2023 +1000)

ALPHABET= ACGT

strands: + -

Background letter frequencies (from file `meme_chip_maxw_8/EREB172_rep2/background'):
A 0.16590 C 0.33410 G 0.33410 T 0.16590 

MOTIF 1 1-GVCGCCGM-STREME-1

letter-probability matrix: alength= 4 w= 8 nsites= 402 E= 7.0e-002
  0.024095	  0.000516	  0.951612	  0.023777	
  0.260638	  0.307245	  0.431868	  0.000250	
  0.000250	  0.951339	  0.000516	  0.047895	
  0.000250	  0.000516	  0.998985	  0.000250	
  0.000250	  0.836740	  0.162761	  0.000250	
  0.000250	  0.998985	  0.000516	  0.000250	
  0.000250	  0.000516	  0.998985	  0.000250	
  0.622329	  0.331390	  0.000516	  0.045765	

MOTIF 2 GCGGCGGC-MEME-3

letter-probability matrix: alength= 4 w= 8 nsites= 259 E= 2.0e-034
  0.000000	  0.000000	  1.000000	  0.000000	
  0.000000	  1.000000	  0.000000	  0.000000	
  0.000000	  0.000000	  0.776062	  0.223938	
  0.000000	  0.000000	  1.000000	  0.000000	
  0.000000	  1.000000	  0.000000	  0.000000	
  0.000000	  0.000000	  0.698842	  0.301158	
  0.000000	  0.000000	  1.000000	  0.000000	
  0.000000	  1.000000	  0.000000	  0.000000	

MOTIF 3 TTTTDTTT-MEME-1

letter-probability matrix: alength= 4 w= 8 nsites= 55 E= 3.2e-020
  0.200000	  0.000000	  0.000000	  0.800000	
  0.200000	  0.000000	  0.000000	  0.800000	
  0.000000	  0.000000	  0.000000	  1.000000	
  0.200000	  0.000000	  0.000000	  0.800000	
  0.436364	  0.000000	  0.218182	  0.345455	
  0.054545	  0.000000	  0.000000	  0.945455	
  0.072727	  0.000000	  0.000000	  0.927273	
  0.272727	  0.000000	  0.000000	  0.727273	

MOTIF 4 5-CCACCGCC-STREME-5

letter-probability matrix: alength= 4 w= 8 nsites= 299 E= 2.5e+000
  0.035382	  0.907605	  0.004568	  0.052444	
  0.076202	  0.865700	  0.037553	  0.020545	
  0.905735	  0.053879	  0.032352	  0.008034	
  0.024615	  0.847851	  0.074469	  0.053066	
  0.033932	  0.924933	  0.007587	  0.033548	
  0.099112	  0.236788	  0.612450	  0.051651	
  0.003370	  0.975922	  0.008482	  0.012226	
  0.045163	  0.875419	  0.059659	  0.019759	

MOTIF 5 TAGTAGTA-MEME-2

letter-probability matrix: alength= 4 w= 8 nsites= 40 E= 7.9e-003
  0.050000	  0.000000	  0.000000	  0.950000	
  1.000000	  0.000000	  0.000000	  0.000000	
  0.025000	  0.025000	  0.925000	  0.025000	
  0.000000	  0.000000	  0.000000	  1.000000	
  0.950000	  0.000000	  0.000000	  0.050000	
  0.000000	  0.025000	  0.975000	  0.000000	
  0.000000	  0.000000	  0.125000	  0.875000	
  0.650000	  0.175000	  0.100000	  0.075000	

