MEME version 5.5.5 (Thu Sep 14 08:48:04 2023 +1000)

ALPHABET= ACGT

strands: + -

Background letter frequencies (from file `meme_chip_maxw_8/EREB109_rep1/background'):
A 0.16740 C 0.33260 G 0.33260 T 0.16740 

MOTIF 1 CRCCGWCC-MEME-3

letter-probability matrix: alength= 4 w= 8 nsites= 183 E= 1.9e-017
  0.000000	  1.000000	  0.000000	  0.000000	
  0.393443	  0.016393	  0.590164	  0.000000	
  0.000000	  1.000000	  0.000000	  0.000000	
  0.000000	  1.000000	  0.000000	  0.000000	
  0.000000	  0.000000	  1.000000	  0.000000	
  0.393443	  0.000000	  0.000000	  0.606557	
  0.000000	  1.000000	  0.000000	  0.000000	
  0.000000	  1.000000	  0.000000	  0.000000	

MOTIF 2 CCRCCGCC-MEME-1

letter-probability matrix: alength= 4 w= 8 nsites= 372 E= 2.6e-057
  0.000000	  1.000000	  0.000000	  0.000000	
  0.000000	  1.000000	  0.000000	  0.000000	
  0.440860	  0.000000	  0.559140	  0.000000	
  0.000000	  1.000000	  0.000000	  0.000000	
  0.000000	  1.000000	  0.000000	  0.000000	
  0.129032	  0.131720	  0.666667	  0.072581	
  0.000000	  1.000000	  0.000000	  0.000000	
  0.000000	  1.000000	  0.000000	  0.000000	

MOTIF 3 1-CACCGMCC-STREME-1

letter-probability matrix: alength= 4 w= 8 nsites= 497 E= 8.8e-003
  0.073168	  0.906798	  0.000361	  0.019672	
  0.752074	  0.049287	  0.198473	  0.000166	
  0.009968	  0.989505	  0.000361	  0.000166	
  0.000166	  0.999306	  0.000361	  0.000166	
  0.000166	  0.000361	  0.863774	  0.135698	
  0.330282	  0.593523	  0.000361	  0.075834	
  0.189005	  0.810467	  0.000361	  0.000166	
  0.098985	  0.772446	  0.000361	  0.128207	

MOTIF 4 TAWAWAAA-MEME-2

letter-probability matrix: alength= 4 w= 8 nsites= 73 E= 1.6e-023
  0.232877	  0.000000	  0.000000	  0.767123	
  0.945205	  0.000000	  0.000000	  0.054795	
  0.547945	  0.000000	  0.000000	  0.452055	
  0.972603	  0.000000	  0.027397	  0.000000	
  0.356164	  0.000000	  0.164384	  0.479452	
  0.986301	  0.000000	  0.000000	  0.013699	
  0.575342	  0.000000	  0.164384	  0.260274	
  0.890411	  0.000000	  0.000000	  0.109589	

MOTIF 5 3-GACGGCGA-STREME-3

letter-probability matrix: alength= 4 w= 8 nsites= 539 E= 3.0e-001
  0.097141	  0.000338	  0.875591	  0.026930	
  0.947767	  0.000338	  0.051740	  0.000156	
  0.137592	  0.635749	  0.160689	  0.065969	
  0.203345	  0.053650	  0.685993	  0.057013	
  0.198835	  0.007212	  0.789349	  0.004604	
  0.072942	  0.626260	  0.276057	  0.024741	
  0.000878	  0.000338	  0.929130	  0.069655	
  0.930979	  0.047708	  0.000338	  0.020976	

