MEME version 5.5.5 (Thu Sep 14 08:48:04 2023 +1000)

ALPHABET= ACGT

strands: + -

Background letter frequencies (from file `meme_chip_maxw_8/EREB211_rep2/background'):
A 0.20580 C 0.29420 G 0.29420 T 0.20580 

MOTIF 1 GCGGCGGC-MEME-1

letter-probability matrix: alength= 4 w= 8 nsites= 337 E= 4.9e-092
  0.017804	  0.000000	  0.982196	  0.000000	
  0.000000	  1.000000	  0.000000	  0.000000	
  0.000000	  0.000000	  0.863501	  0.136499	
  0.103858	  0.000000	  0.896142	  0.000000	
  0.000000	  1.000000	  0.000000	  0.000000	
  0.000000	  0.000000	  0.937685	  0.062315	
  0.000000	  0.296736	  0.703264	  0.000000	
  0.000000	  0.913947	  0.086053	  0.000000	

MOTIF 2 1-CGGCGCCG-STREME-1

letter-probability matrix: alength= 4 w= 8 nsites= 229 E= 1.7e-002
  0.020282	  0.978376	  0.000798	  0.000544	
  0.024281	  0.000798	  0.924447	  0.050474	
  0.000544	  0.176699	  0.804261	  0.018496	
  0.000544	  0.990140	  0.008772	  0.000544	
  0.000544	  0.008772	  0.990140	  0.000544	
  0.018496	  0.804261	  0.176699	  0.000544	
  0.050474	  0.924447	  0.000798	  0.024281	
  0.000544	  0.000798	  0.978376	  0.020282	

MOTIF 3 TTYTYTTT-MEME-2

letter-probability matrix: alength= 4 w= 8 nsites= 121 E= 4.8e-068
  0.000000	  0.000000	  0.000000	  1.000000	
  0.000000	  0.000000	  0.000000	  1.000000	
  0.000000	  0.338843	  0.000000	  0.661157	
  0.198347	  0.000000	  0.000000	  0.801653	
  0.165289	  0.338843	  0.115702	  0.380165	
  0.000000	  0.000000	  0.000000	  1.000000	
  0.000000	  0.000000	  0.000000	  1.000000	
  0.000000	  0.000000	  0.000000	  1.000000	

