MEME version 5.5.5 (Thu Sep 14 08:48:04 2023 +1000)

ALPHABET= ACGT

strands: + -

Background letter frequencies (from file `meme_chip_maxw_8/EREB102_rep2/background'):
A 0.19260 C 0.30740 G 0.30740 T 0.19260 

MOTIF 1 GCGGCGGC-MEME-3

letter-probability matrix: alength= 4 w= 8 nsites= 121 E= 1.7e-015
  0.000000	  0.000000	  1.000000	  0.000000	
  0.000000	  1.000000	  0.000000	  0.000000	
  0.000000	  0.000000	  1.000000	  0.000000	
  0.247934	  0.000000	  0.752066	  0.000000	
  0.000000	  1.000000	  0.000000	  0.000000	
  0.000000	  0.000000	  1.000000	  0.000000	
  0.000000	  0.000000	  1.000000	  0.000000	
  0.000000	  0.991736	  0.008264	  0.000000	

MOTIF 2 3-CCGCCGCC-STREME-3

letter-probability matrix: alength= 4 w= 8 nsites= 310 E= 6.0e-001
  0.021135	  0.770619	  0.121120	  0.087126	
  0.000481	  0.953106	  0.000790	  0.045623	
  0.000481	  0.030489	  0.968549	  0.000481	
  0.000481	  0.796166	  0.000790	  0.202563	
  0.078396	  0.836923	  0.084200	  0.000481	
  0.079087	  0.039442	  0.829430	  0.052042	
  0.013214	  0.985515	  0.000790	  0.000481	
  0.000481	  0.998248	  0.000790	  0.000481	

MOTIF 3 AAACMA-MEME-2

letter-probability matrix: alength= 4 w= 6 nsites= 167 E= 1.2e-022
  1.000000	  0.000000	  0.000000	  0.000000	
  1.000000	  0.000000	  0.000000	  0.000000	
  1.000000	  0.000000	  0.000000	  0.000000	
  0.000000	  1.000000	  0.000000	  0.000000	
  0.353293	  0.646707	  0.000000	  0.000000	
  1.000000	  0.000000	  0.000000	  0.000000	

MOTIF 4 AAWAAWAA-MEME-1

letter-probability matrix: alength= 4 w= 8 nsites= 82 E= 1.5e-012
  0.817073	  0.000000	  0.000000	  0.182927	
  0.707317	  0.000000	  0.085366	  0.207317	
  0.524390	  0.000000	  0.000000	  0.475610	
  1.000000	  0.000000	  0.000000	  0.000000	
  0.841463	  0.000000	  0.036585	  0.121951	
  0.548780	  0.000000	  0.000000	  0.451220	
  0.963415	  0.000000	  0.000000	  0.036585	
  0.926829	  0.000000	  0.000000	  0.073171	

MOTIF 5 1-AAGAAA-STREME-1

letter-probability matrix: alength= 4 w= 6 nsites= 740 E= 3.8e-002
  0.923411	  0.008096	  0.022922	  0.045572	
  0.730421	  0.088709	  0.133237	  0.047633	
  0.001032	  0.106800	  0.736494	  0.155674	
  0.629864	  0.052949	  0.178469	  0.138718	
  0.807776	  0.071743	  0.080160	  0.040320	
  0.765565	  0.046757	  0.100213	  0.087466	

