MEME version 5.5.5 (Thu Sep 14 08:48:04 2023 +1000)

ALPHABET= ACGT

strands: + -

Background letter frequencies (from file `meme_chip_maxw_8/EREB97_rep1/background'):
A 0.14680 C 0.35320 G 0.35320 T 0.14680 

MOTIF 1 CGCCGCCG-MEME-1

letter-probability matrix: alength= 4 w= 8 nsites= 784 E= 1.8e-533
  0.000000	  1.000000	  0.000000	  0.000000	
  0.000000	  0.000000	  1.000000	  0.000000	
  0.000000	  1.000000	  0.000000	  0.000000	
  0.000000	  1.000000	  0.000000	  0.000000	
  0.000000	  0.000000	  1.000000	  0.000000	
  0.000000	  0.906888	  0.000000	  0.093112	
  0.000000	  1.000000	  0.000000	  0.000000	
  0.141582	  0.000000	  0.786990	  0.071429	

MOTIF 2 1-CGCCGCC-STREME-1

letter-probability matrix: alength= 4 w= 7 nsites= 739 E= 4.8e-008
  0.012782	  0.941764	  0.032673	  0.012782	
  0.012782	  0.032673	  0.941764	  0.012782	
  0.012782	  0.941764	  0.032673	  0.012782	
  0.012782	  0.941764	  0.032673	  0.012782	
  0.012782	  0.032673	  0.941764	  0.012782	
  0.012782	  0.941764	  0.032673	  0.012782	
  0.012782	  0.941764	  0.032673	  0.012782	

MOTIF 3 GASGASGA-MEME-2

letter-probability matrix: alength= 4 w= 8 nsites= 277 E= 7.9e-093
  0.000000	  0.000000	  1.000000	  0.000000	
  1.000000	  0.000000	  0.000000	  0.000000	
  0.108303	  0.440433	  0.400722	  0.050542	
  0.093863	  0.000000	  0.906137	  0.000000	
  1.000000	  0.000000	  0.000000	  0.000000	
  0.068592	  0.375451	  0.472924	  0.083032	
  0.108303	  0.000000	  0.826715	  0.064982	
  1.000000	  0.000000	  0.000000	  0.000000	

MOTIF 4 TGSTGSTG-MEME-3

letter-probability matrix: alength= 4 w= 8 nsites= 170 E= 3.4e-062
  0.000000	  0.000000	  0.000000	  1.000000	
  0.082353	  0.000000	  0.917647	  0.000000	
  0.000000	  0.470588	  0.452941	  0.076471	
  0.000000	  0.000000	  0.000000	  1.000000	
  0.000000	  0.000000	  1.000000	  0.000000	
  0.000000	  0.558824	  0.329412	  0.111765	
  0.000000	  0.000000	  0.000000	  1.000000	
  0.000000	  0.000000	  1.000000	  0.000000	

MOTIF 5 2-GACGRCGA-STREME-2

letter-probability matrix: alength= 4 w= 8 nsites= 242 E= 1.2e-004
  0.024778	  0.000477	  0.974558	  0.000187	
  0.998859	  0.000477	  0.000477	  0.000187	
  0.000187	  0.835673	  0.163954	  0.000187	
  0.137294	  0.000477	  0.762381	  0.099848	
  0.522077	  0.000477	  0.347930	  0.129516	
  0.000187	  0.684951	  0.231632	  0.083231	
  0.024375	  0.000477	  0.938129	  0.037019	
  0.998859	  0.000477	  0.000477	  0.000187	

MOTIF 6 8-CGCCGACA-STREME-8

letter-probability matrix: alength= 4 w= 8 nsites= 97 E= 1.1e+000
  0.010516	  0.962421	  0.026003	  0.001060	
  0.071727	  0.147131	  0.778135	  0.003007	
  0.032214	  0.916808	  0.047040	  0.003937	
  0.005139	  0.936428	  0.009772	  0.048661	
  0.060814	  0.046509	  0.873828	  0.018849	
  0.686518	  0.000835	  0.022696	  0.289952	
  0.003007	  0.973151	  0.023515	  0.000327	
  0.888215	  0.016933	  0.073045	  0.021806	

MOTIF 7 3-AGCAGCA-STREME-3

letter-probability matrix: alength= 4 w= 7 nsites= 547 E= 2.0e-002
  0.950872	  0.000277	  0.000277	  0.048575	
  0.076401	  0.121758	  0.719481	  0.082361	
  0.015777	  0.687874	  0.250749	  0.045599	
  0.985691	  0.000277	  0.000277	  0.013756	
  0.055164	  0.190410	  0.737450	  0.016976	
  0.048144	  0.687377	  0.199716	  0.064764	
  0.970258	  0.000277	  0.000277	  0.029189	

