MEME version 5.5.5 (Thu Sep 14 08:48:04 2023 +1000)

ALPHABET= ACGT

strands: + -

Background letter frequencies (from file `meme_chip_maxw_8/EREB18_rep2/background'):
A 0.23420 C 0.26580 G 0.26580 T 0.23420 

MOTIF 1 GGCGGYGG-MEME-1

letter-probability matrix: alength= 4 w= 8 nsites= 199 E= 5.2e-067
  0.000000	  0.000000	  1.000000	  0.000000	
  0.000000	  0.145729	  0.778894	  0.075377	
  0.000000	  1.000000	  0.000000	  0.000000	
  0.000000	  0.000000	  1.000000	  0.000000	
  0.000000	  0.000000	  1.000000	  0.000000	
  0.000000	  0.618090	  0.000000	  0.381910	
  0.000000	  0.000000	  1.000000	  0.000000	
  0.000000	  0.261307	  0.738693	  0.000000	

MOTIF 2 AAADRRAA-MEME-2

letter-probability matrix: alength= 4 w= 8 nsites= 255 E= 3.2e-064
  0.764706	  0.000000	  0.000000	  0.235294	
  1.000000	  0.000000	  0.000000	  0.000000	
  1.000000	  0.000000	  0.000000	  0.000000	
  0.427451	  0.000000	  0.325490	  0.247059	
  0.376471	  0.000000	  0.521569	  0.101961	
  0.654902	  0.000000	  0.345098	  0.000000	
  1.000000	  0.000000	  0.000000	  0.000000	
  1.000000	  0.000000	  0.000000	  0.000000	

MOTIF 3 1-CACCGCCC-STREME-1

letter-probability matrix: alength= 4 w= 8 nsites= 194 E= 1.4e-001
  0.027661	  0.947145	  0.008499	  0.016695	
  0.828024	  0.019945	  0.132812	  0.019219	
  0.011052	  0.914642	  0.048863	  0.025443	
  0.028257	  0.935909	  0.024782	  0.011052	
  0.124524	  0.003724	  0.868517	  0.003235	
  0.118589	  0.848900	  0.000619	  0.031892	
  0.024658	  0.939121	  0.019526	  0.016695	
  0.027812	  0.847574	  0.040245	  0.084368	

MOTIF 4 GCCGGCCG-MEME-3

letter-probability matrix: alength= 4 w= 8 nsites= 159 E= 2.6e-014
  0.276730	  0.000000	  0.723270	  0.000000	
  0.000000	  1.000000	  0.000000	  0.000000	
  0.000000	  1.000000	  0.000000	  0.000000	
  0.000000	  0.000000	  1.000000	  0.000000	
  0.238994	  0.000000	  0.509434	  0.251572	
  0.000000	  1.000000	  0.000000	  0.000000	
  0.000000	  1.000000	  0.000000	  0.000000	
  0.327044	  0.000000	  0.672956	  0.000000	

