MEME version 5.5.5 (Thu Sep 14 08:48:04 2023 +1000)

ALPHABET= ACGT

strands: + -

Background letter frequencies (from file `meme_chip_maxw_8/EREB109_rep2/background'):
A 0.17060 C 0.32940 G 0.32940 T 0.17060 

MOTIF 1 3-CCGCCGCC-STREME-3

letter-probability matrix: alength= 4 w= 8 nsites= 299 E= 7.5e-001
  0.023863	  0.926102	  0.031520	  0.018515	
  0.040093	  0.943483	  0.000721	  0.015703	
  0.159179	  0.000721	  0.839764	  0.000336	
  0.018054	  0.918596	  0.063014	  0.000336	
  0.000336	  0.982617	  0.000721	  0.016325	
  0.022409	  0.183900	  0.733164	  0.060527	
  0.000336	  0.981023	  0.000721	  0.017920	
  0.096056	  0.778790	  0.000721	  0.124434	

MOTIF 2 GGCGGYGG-MEME-2

letter-probability matrix: alength= 4 w= 8 nsites= 356 E= 5.1e-058
  0.000000	  0.000000	  1.000000	  0.000000	
  0.000000	  0.000000	  1.000000	  0.000000	
  0.000000	  0.691011	  0.157303	  0.151685	
  0.000000	  0.000000	  1.000000	  0.000000	
  0.000000	  0.000000	  1.000000	  0.000000	
  0.000000	  0.536517	  0.028090	  0.435393	
  0.000000	  0.000000	  1.000000	  0.000000	
  0.000000	  0.000000	  1.000000	  0.000000	

MOTIF 3 5-CGGCGCCG-STREME-5

letter-probability matrix: alength= 4 w= 8 nsites= 85 E= 4.9e+000
  0.014455	  0.940091	  0.031000	  0.014455	
  0.014455	  0.031000	  0.940091	  0.014455	
  0.014455	  0.031000	  0.940091	  0.014455	
  0.014455	  0.940091	  0.031000	  0.014455	
  0.014455	  0.031000	  0.940091	  0.014455	
  0.014455	  0.940091	  0.031000	  0.014455	
  0.014455	  0.940091	  0.031000	  0.014455	
  0.014455	  0.031000	  0.940091	  0.014455	

MOTIF 4 TTWTTWTT-MEME-1

letter-probability matrix: alength= 4 w= 8 nsites= 85 E= 5.2e-037
  0.000000	  0.000000	  0.000000	  1.000000	
  0.152941	  0.000000	  0.141176	  0.705882	
  0.270588	  0.105882	  0.105882	  0.517647	
  0.000000	  0.000000	  0.000000	  1.000000	
  0.000000	  0.000000	  0.000000	  1.000000	
  0.388235	  0.188235	  0.000000	  0.423529	
  0.047059	  0.000000	  0.000000	  0.952941	
  0.141176	  0.000000	  0.000000	  0.858824	

MOTIF 5 2-CGCCGCCC-STREME-2

letter-probability matrix: alength= 4 w= 8 nsites= 424 E= 6.5e-003
  0.000263	  0.802784	  0.000565	  0.196388	
  0.194944	  0.104584	  0.690924	  0.009548	
  0.026539	  0.972633	  0.000565	  0.000263	
  0.000263	  0.998909	  0.000565	  0.000263	
  0.000263	  0.000565	  0.978303	  0.020869	
  0.200258	  0.563664	  0.000565	  0.235513	
  0.000263	  0.998909	  0.000565	  0.000263	
  0.000263	  0.998909	  0.000565	  0.000263	

MOTIF 6 GGWCGGYG-MEME-3

letter-probability matrix: alength= 4 w= 8 nsites= 176 E= 5.2e-020
  0.000000	  0.000000	  1.000000	  0.000000	
  0.000000	  0.000000	  1.000000	  0.000000	
  0.579545	  0.000000	  0.000000	  0.420455	
  0.000000	  1.000000	  0.000000	  0.000000	
  0.000000	  0.000000	  1.000000	  0.000000	
  0.000000	  0.000000	  1.000000	  0.000000	
  0.000000	  0.607955	  0.000000	  0.392045	
  0.000000	  0.000000	  1.000000	  0.000000	

MOTIF 7 1-AGGAAAA-STREME-1

letter-probability matrix: alength= 4 w= 7 nsites= 384 E= 4.3e-004
  0.992837	  0.000447	  0.006507	  0.000209	
  0.118181	  0.124335	  0.636481	  0.121004	
  0.050504	  0.048342	  0.760109	  0.141045	
  0.923910	  0.029093	  0.043019	  0.003979	
  0.592921	  0.136604	  0.196356	  0.074119	
  0.562073	  0.153232	  0.129159	  0.155536	
  0.922309	  0.043266	  0.006940	  0.027485	

