MEME version 5.5.5 (Thu Sep 14 08:48:04 2023 +1000)

ALPHABET= ACGT

strands: + -

Background letter frequencies (from file `meme_chip_maxw_8/EREB34_rep2/background'):
A 0.18720 C 0.31280 G 0.31280 T 0.18720 

MOTIF 1 CGRCGGCG-MEME-2

letter-probability matrix: alength= 4 w= 8 nsites= 151 E= 1.6e-008
  0.000000	  0.993377	  0.006623	  0.000000	
  0.000000	  0.000000	  1.000000	  0.000000	
  0.344371	  0.000000	  0.655629	  0.000000	
  0.000000	  1.000000	  0.000000	  0.000000	
  0.000000	  0.000000	  1.000000	  0.000000	
  0.304636	  0.000000	  0.695364	  0.000000	
  0.000000	  0.986755	  0.013245	  0.000000	
  0.000000	  0.000000	  1.000000	  0.000000	

MOTIF 2 1-CGCCGCCC-STREME-1

letter-probability matrix: alength= 4 w= 8 nsites= 406 E= 1.6e-003
  0.075583	  0.832932	  0.008493	  0.082992	
  0.042171	  0.040082	  0.909121	  0.008625	
  0.007827	  0.988847	  0.002412	  0.000914	
  0.025797	  0.962606	  0.001701	  0.009896	
  0.001905	  0.007549	  0.969538	  0.021009	
  0.050932	  0.853028	  0.050370	  0.045670	
  0.000925	  0.905465	  0.040556	  0.053053	
  0.012599	  0.835904	  0.130847	  0.020650	

MOTIF 3 GCCGSCCR-MEME-1

letter-probability matrix: alength= 4 w= 8 nsites= 344 E= 3.9e-056
  0.000000	  0.000000	  1.000000	  0.000000	
  0.000000	  1.000000	  0.000000	  0.000000	
  0.000000	  1.000000	  0.000000	  0.000000	
  0.000000	  0.000000	  1.000000	  0.000000	
  0.081395	  0.316860	  0.482558	  0.119186	
  0.000000	  1.000000	  0.000000	  0.000000	
  0.000000	  1.000000	  0.000000	  0.000000	
  0.316860	  0.174419	  0.508721	  0.000000	

MOTIF 4 2-GAMGRCGA-STREME-2

letter-probability matrix: alength= 4 w= 8 nsites= 256 E= 1.1e-001
  0.114832	  0.000424	  0.884509	  0.000235	
  0.998916	  0.000424	  0.000424	  0.000235	
  0.307962	  0.503021	  0.177795	  0.011222	
  0.216491	  0.105803	  0.677471	  0.000235	
  0.545319	  0.000424	  0.454022	  0.000235	
  0.245511	  0.510060	  0.193210	  0.051219	
  0.000235	  0.000424	  0.999106	  0.000235	
  0.998916	  0.000424	  0.000424	  0.000235	

MOTIF 5 AAATAAAW-MEME-3

letter-probability matrix: alength= 4 w= 8 nsites= 47 E= 1.2e-002
  0.829787	  0.042553	  0.000000	  0.127660	
  1.000000	  0.000000	  0.000000	  0.000000	
  0.978723	  0.000000	  0.000000	  0.021277	
  0.000000	  0.000000	  0.319149	  0.680851	
  0.638298	  0.191489	  0.000000	  0.170213	
  0.914894	  0.021277	  0.000000	  0.063830	
  1.000000	  0.000000	  0.000000	  0.000000	
  0.617021	  0.000000	  0.000000	  0.382979	

