MEME version 5.5.5 (Thu Sep 14 08:48:04 2023 +1000)

ALPHABET= ACGT

strands: + -

Background letter frequencies (from file `meme_chip_maxw_8/EREB198_rep1/background'):
A 0.18580 C 0.31420 G 0.31420 T 0.18580 

MOTIF 1 GCGGCGGC-MEME-1

letter-probability matrix: alength= 4 w= 8 nsites= 590 E= 1.2e-136
  0.128814	  0.235593	  0.635593	  0.000000	
  0.128814	  0.618644	  0.115254	  0.137288	
  0.000000	  0.000000	  1.000000	  0.000000	
  0.132203	  0.000000	  0.867797	  0.000000	
  0.000000	  1.000000	  0.000000	  0.000000	
  0.000000	  0.000000	  0.974576	  0.025424	
  0.000000	  0.000000	  1.000000	  0.000000	
  0.000000	  1.000000	  0.000000	  0.000000	

MOTIF 2 1-CCGCCGCC-STREME-1

letter-probability matrix: alength= 4 w= 8 nsites= 553 E= 6.1e-002
  0.009642	  0.823916	  0.064922	  0.101520	
  0.020206	  0.899380	  0.060571	  0.019843	
  0.005097	  0.024450	  0.963032	  0.007421	
  0.006624	  0.930403	  0.022481	  0.040492	
  0.034007	  0.964604	  0.000782	  0.000608	
  0.004590	  0.057751	  0.910731	  0.026929	
  0.007554	  0.940368	  0.024590	  0.027488	
  0.002577	  0.983619	  0.008443	  0.005362	

MOTIF 3 TTYTTYTT-MEME-2

letter-probability matrix: alength= 4 w= 8 nsites= 38 E= 5.6e-010
  0.000000	  0.000000	  0.000000	  1.000000	
  0.000000	  0.000000	  0.000000	  1.000000	
  0.000000	  0.421053	  0.000000	  0.578947	
  0.000000	  0.000000	  0.000000	  1.000000	
  0.236842	  0.000000	  0.000000	  0.763158	
  0.000000	  0.500000	  0.000000	  0.500000	
  0.000000	  0.000000	  0.000000	  1.000000	
  0.000000	  0.000000	  0.000000	  1.000000	

