MEME version 5.5.5 (Thu Sep 14 08:48:04 2023 +1000)

ALPHABET= ACGT

strands: + -

Background letter frequencies (from file `meme_chip_maxw_8/EREB98_rep2/background'):
A 0.17940 C 0.32060 G 0.32060 T 0.17940 

MOTIF 1 CGYCGYCG-MEME-2

letter-probability matrix: alength= 4 w= 8 nsites= 202 E= 7.2e-026
  0.000000	  1.000000	  0.000000	  0.000000	
  0.000000	  0.000000	  1.000000	  0.000000	
  0.000000	  0.628713	  0.000000	  0.371287	
  0.000000	  1.000000	  0.000000	  0.000000	
  0.000000	  0.000000	  1.000000	  0.000000	
  0.000000	  0.396040	  0.004950	  0.599010	
  0.000000	  1.000000	  0.000000	  0.000000	
  0.000000	  0.000000	  1.000000	  0.000000	

MOTIF 2 GCAGGCAG-MEME-1

letter-probability matrix: alength= 4 w= 8 nsites= 62 E= 3.6e-011
  0.000000	  0.000000	  1.000000	  0.000000	
  0.000000	  0.967742	  0.000000	  0.032258	
  1.000000	  0.000000	  0.000000	  0.000000	
  0.000000	  0.000000	  1.000000	  0.000000	
  0.000000	  0.000000	  1.000000	  0.000000	
  0.000000	  1.000000	  0.000000	  0.000000	
  1.000000	  0.000000	  0.000000	  0.000000	
  0.000000	  0.016129	  0.983871	  0.000000	

MOTIF 3 AWAAWAAA-MEME-3

letter-probability matrix: alength= 4 w= 8 nsites= 47 E= 3.5e-009
  0.808511	  0.000000	  0.000000	  0.191489	
  0.595745	  0.000000	  0.000000	  0.404255	
  1.000000	  0.000000	  0.000000	  0.000000	
  0.702128	  0.000000	  0.000000	  0.297872	
  0.659574	  0.000000	  0.000000	  0.340426	
  0.787234	  0.000000	  0.000000	  0.212766	
  1.000000	  0.000000	  0.000000	  0.000000	
  0.893617	  0.000000	  0.000000	  0.106383	

MOTIF 4 1-GACDRCGA-STREME-1

letter-probability matrix: alength= 4 w= 8 nsites= 376 E= 4.9e-003
  0.000132	  0.000259	  0.824915	  0.174694	
  0.999349	  0.000259	  0.000259	  0.000132	
  0.190046	  0.448146	  0.192243	  0.169565	
  0.389071	  0.000259	  0.336638	  0.274032	
  0.409498	  0.000259	  0.590110	  0.000132	
  0.199783	  0.605221	  0.189440	  0.005556	
  0.000132	  0.000259	  0.767398	  0.232211	
  0.999349	  0.000259	  0.000259	  0.000132	

