MEME version 5.5.5 (Thu Sep 14 08:48:04 2023 +1000)

ALPHABET= ACGT

strands: + -

Background letter frequencies (from file `meme_chip_maxw_8/EREB98_rep1/background'):
A 0.17810 C 0.32190 G 0.32190 T 0.17810 

MOTIF 1 GCCGGCMG-MEME-2

letter-probability matrix: alength= 4 w= 8 nsites= 330 E= 8.7e+002
  0.000000	  0.000000	  1.000000	  0.000000	
  0.000000	  0.690909	  0.309091	  0.000000	
  0.200000	  0.800000	  0.000000	  0.000000	
  0.000000	  0.000000	  1.000000	  0.000000	
  0.000000	  0.000000	  1.000000	  0.000000	
  0.000000	  1.000000	  0.000000	  0.000000	
  0.300000	  0.600000	  0.100000	  0.000000	
  0.000000	  0.000000	  1.000000	  0.000000	

MOTIF 2 1-GCCGGCC-STREME-1

letter-probability matrix: alength= 4 w= 7 nsites= 191 E= 1.4e-002
  0.015327	  0.030127	  0.939218	  0.015327	
  0.015327	  0.939218	  0.030127	  0.015327	
  0.015327	  0.939218	  0.030127	  0.015327	
  0.015327	  0.030127	  0.939218	  0.015327	
  0.015327	  0.030127	  0.939218	  0.015327	
  0.015327	  0.939218	  0.030127	  0.015327	
  0.015327	  0.939218	  0.030127	  0.015327	

MOTIF 3 TCGYCGTC-MEME-1

letter-probability matrix: alength= 4 w= 8 nsites= 170 E= 7.9e-050
  0.000000	  0.000000	  0.000000	  1.000000	
  0.000000	  1.000000	  0.000000	  0.000000	
  0.000000	  0.135294	  0.864706	  0.000000	
  0.000000	  0.517647	  0.000000	  0.482353	
  0.000000	  0.882353	  0.000000	  0.117647	
  0.023529	  0.000000	  0.929412	  0.047059	
  0.000000	  0.000000	  0.000000	  1.000000	
  0.000000	  1.000000	  0.000000	  0.000000	

MOTIF 4 2-GAMRRCGA-STREME-2

letter-probability matrix: alength= 4 w= 8 nsites= 435 E= 2.4e-001
  0.000143	  0.000280	  0.999434	  0.000143	
  0.999296	  0.000280	  0.000280	  0.000143	
  0.391968	  0.382952	  0.115559	  0.109521	
  0.377705	  0.058622	  0.467496	  0.096177	
  0.394437	  0.000280	  0.605140	  0.000143	
  0.106748	  0.594462	  0.288967	  0.009824	
  0.000143	  0.000280	  0.991136	  0.008441	
  0.999296	  0.000280	  0.000280	  0.000143	

