MEME version 5.5.5 (Thu Sep 14 08:48:04 2023 +1000)

ALPHABET= ACGT

strands: + -

Background letter frequencies (from file `meme_chip_maxw_8/EREB71_rep2/background'):
A 0.19960 C 0.30040 G 0.30040 T 0.19960 

MOTIF 1 SCGCCGCC-MEME-1

letter-probability matrix: alength= 4 w= 8 nsites= 336 E= 9.6e-135
  0.000000	  0.571429	  0.318452	  0.110119	
  0.000000	  1.000000	  0.000000	  0.000000	
  0.315476	  0.000000	  0.684524	  0.000000	
  0.000000	  1.000000	  0.000000	  0.000000	
  0.000000	  1.000000	  0.000000	  0.000000	
  0.000000	  0.000000	  1.000000	  0.000000	
  0.000000	  1.000000	  0.000000	  0.000000	
  0.000000	  1.000000	  0.000000	  0.000000	

MOTIF 2 1-CRCCGCCC-STREME-1

letter-probability matrix: alength= 4 w= 8 nsites= 502 E= 4.6e-002
  0.030283	  0.964506	  0.000324	  0.004887	
  0.655198	  0.015487	  0.329119	  0.000196	
  0.000196	  0.999284	  0.000324	  0.000196	
  0.004417	  0.971514	  0.000324	  0.023745	
  0.004831	  0.004257	  0.988172	  0.002740	
  0.244829	  0.510512	  0.092399	  0.152260	
  0.040871	  0.953333	  0.000324	  0.005472	
  0.089190	  0.829265	  0.000324	  0.081221	

MOTIF 3 CRCCGDCC-MEME-3

letter-probability matrix: alength= 4 w= 8 nsites= 322 E= 8.7e-049
  0.000000	  0.745342	  0.254658	  0.000000	
  0.487578	  0.000000	  0.512422	  0.000000	
  0.000000	  1.000000	  0.000000	  0.000000	
  0.000000	  1.000000	  0.000000	  0.000000	
  0.000000	  0.000000	  1.000000	  0.000000	
  0.332298	  0.000000	  0.378882	  0.288820	
  0.000000	  1.000000	  0.000000	  0.000000	
  0.000000	  1.000000	  0.000000	  0.000000	

MOTIF 4 TTTYTTTT-MEME-2

letter-probability matrix: alength= 4 w= 8 nsites= 148 E= 1.1e-035
  0.000000	  0.000000	  0.000000	  1.000000	
  0.000000	  0.000000	  0.000000	  1.000000	
  0.202703	  0.256757	  0.000000	  0.540541	
  0.000000	  0.459459	  0.000000	  0.540541	
  0.202703	  0.000000	  0.000000	  0.797297	
  0.209459	  0.216216	  0.000000	  0.574324	
  0.128378	  0.000000	  0.000000	  0.871622	
  0.000000	  0.000000	  0.000000	  1.000000	

MOTIF 5 7-GCCKGCC-STREME-7

letter-probability matrix: alength= 4 w= 7 nsites= 219 E= 5.1e+000
  0.001435	  0.002372	  0.994757	  0.001435	
  0.001435	  0.994757	  0.002372	  0.001435	
  0.016115	  0.980077	  0.002372	  0.001435	
  0.001435	  0.002372	  0.555114	  0.441079	
  0.001435	  0.002372	  0.994757	  0.001435	
  0.001435	  0.994757	  0.002372	  0.001435	
  0.001435	  0.994757	  0.002372	  0.001435	

MOTIF 6 4-ACGGCGAC-STREME-4

letter-probability matrix: alength= 4 w= 8 nsites= 75 E= 2.3e-001
  0.996942	  0.001174	  0.001174	  0.000710	
  0.038901	  0.868065	  0.027295	  0.065739	
  0.044569	  0.045277	  0.888547	  0.021608	
  0.258497	  0.001174	  0.739619	  0.000710	
  0.040981	  0.840240	  0.074210	  0.044569	
  0.019369	  0.001174	  0.970938	  0.008519	
  0.996942	  0.001174	  0.001174	  0.000710	
  0.000710	  0.952390	  0.046189	  0.000710	

