MEME version 5.5.5 (Thu Sep 14 08:48:04 2023 +1000)

ALPHABET= ACGT

strands: + -

Background letter frequencies (from file `meme_chip_maxw_8/EREB54_rep1/background'):
A 0.17550 C 0.32450 G 0.32450 T 0.17550 

MOTIF 1 2-CGCCGCCG-STREME-2

letter-probability matrix: alength= 4 w= 8 nsites= 444 E= 1.3e-001
  0.000242	  0.768415	  0.000477	  0.230865	
  0.048169	  0.000477	  0.951111	  0.000242	
  0.000242	  0.888940	  0.110575	  0.000242	
  0.000242	  0.999038	  0.000477	  0.000242	
  0.000242	  0.098767	  0.854948	  0.046043	
  0.000242	  0.921918	  0.000477	  0.077363	
  0.000242	  0.999038	  0.000477	  0.000242	
  0.103599	  0.000477	  0.791108	  0.104816	

MOTIF 2 CGYCGYCG-MEME-1

letter-probability matrix: alength= 4 w= 8 nsites= 306 E= 4.1e-042
  0.000000	  1.000000	  0.000000	  0.000000	
  0.000000	  0.000000	  1.000000	  0.000000	
  0.000000	  0.549020	  0.160131	  0.290850	
  0.000000	  1.000000	  0.000000	  0.000000	
  0.000000	  0.000000	  1.000000	  0.000000	
  0.000000	  0.598039	  0.000000	  0.401961	
  0.000000	  1.000000	  0.000000	  0.000000	
  0.000000	  0.000000	  1.000000	  0.000000	

MOTIF 3 AAADAAAA-MEME-3

letter-probability matrix: alength= 4 w= 8 nsites= 41 E= 3.5e-009
  1.000000	  0.000000	  0.000000	  0.000000	
  0.975610	  0.000000	  0.000000	  0.024390	
  0.975610	  0.000000	  0.000000	  0.024390	
  0.414634	  0.000000	  0.365854	  0.219512	
  0.609756	  0.000000	  0.268293	  0.121951	
  1.000000	  0.000000	  0.000000	  0.000000	
  1.000000	  0.000000	  0.000000	  0.000000	
  0.756098	  0.000000	  0.000000	  0.243902	

MOTIF 4 3-ACKASGA-STREME-3

letter-probability matrix: alength= 4 w= 7 nsites= 190 E= 7.3e-001
  0.997600	  0.000957	  0.000957	  0.000486	
  0.000486	  0.717978	  0.099373	  0.182163	
  0.044143	  0.000957	  0.624157	  0.330743	
  0.930763	  0.000957	  0.067794	  0.000486	
  0.000486	  0.408661	  0.590367	  0.000486	
  0.000486	  0.000957	  0.785955	  0.212603	
  0.997600	  0.000957	  0.000957	  0.000486	

