MEME version 5.5.5 (Thu Sep 14 08:48:04 2023 +1000)

ALPHABET= ACGT

strands: + -

Background letter frequencies (from file `meme_chip_maxw_8/EREB17_rep2/background'):
A 0.17100 C 0.32900 G 0.32900 T 0.17100 

MOTIF 1 CCRCCGCC-MEME-1

letter-probability matrix: alength= 4 w= 8 nsites= 288 E= 1.2e-009
  0.000000	  1.000000	  0.000000	  0.000000	
  0.000000	  1.000000	  0.000000	  0.000000	
  0.479167	  0.069444	  0.451389	  0.000000	
  0.000000	  1.000000	  0.000000	  0.000000	
  0.000000	  1.000000	  0.000000	  0.000000	
  0.204861	  0.104167	  0.687500	  0.003472	
  0.000000	  1.000000	  0.000000	  0.000000	
  0.000000	  1.000000	  0.000000	  0.000000	

MOTIF 2 3-GCCGCCCC-STREME-3

letter-probability matrix: alength= 4 w= 8 nsites= 297 E= 1.8e-001
  0.021846	  0.065882	  0.909585	  0.002688	
  0.001512	  0.986877	  0.001260	  0.010352	
  0.042780	  0.951607	  0.003599	  0.002014	
  0.021783	  0.009401	  0.925075	  0.043741	
  0.100612	  0.811995	  0.050010	  0.037382	
  0.012160	  0.950534	  0.031207	  0.006099	
  0.000500	  0.732869	  0.155277	  0.111354	
  0.133679	  0.815576	  0.025205	  0.025539	

MOTIF 3 1-CACCGCCC-STREME-1

letter-probability matrix: alength= 4 w= 8 nsites= 331 E= 4.1e-002
  0.034175	  0.948299	  0.000556	  0.016970	
  0.856440	  0.034757	  0.108535	  0.000268	
  0.000268	  0.998908	  0.000556	  0.000268	
  0.048002	  0.898899	  0.000556	  0.052542	
  0.017035	  0.009163	  0.962048	  0.011754	
  0.075041	  0.791128	  0.000556	  0.133274	
  0.158506	  0.827912	  0.000556	  0.013025	
  0.072474	  0.836537	  0.000556	  0.090433	

