MEME version 5.5.5 (Thu Sep 14 08:48:04 2023 +1000)

ALPHABET= ACGT

strands: + -

Background letter frequencies (from file `meme_chip_maxw_8/EREB209_rep2/background'):
A 0.16030 C 0.33970 G 0.33970 T 0.16030 

MOTIF 1 CGCCGCCG-MEME-1

letter-probability matrix: alength= 4 w= 8 nsites= 646 E= 5.6e-303
  0.000000	  1.000000	  0.000000	  0.000000	
  0.000000	  0.001548	  0.998452	  0.000000	
  0.000000	  0.916409	  0.000000	  0.083591	
  0.000000	  1.000000	  0.000000	  0.000000	
  0.000000	  0.000000	  1.000000	  0.000000	
  0.057276	  0.784830	  0.000000	  0.157895	
  0.000000	  1.000000	  0.000000	  0.000000	
  0.133127	  0.000000	  0.821981	  0.044892	

MOTIF 2 1-CGMCGKCG-STREME-1

letter-probability matrix: alength= 4 w= 8 nsites= 572 E= 3.4e-004
  0.010072	  0.914798	  0.026214	  0.048915	
  0.016471	  0.006002	  0.962280	  0.015248	
  0.286534	  0.479098	  0.203887	  0.030481	
  0.011048	  0.952155	  0.021662	  0.015135	
  0.015135	  0.021662	  0.952155	  0.011048	
  0.030481	  0.203887	  0.479098	  0.286534	
  0.015248	  0.962280	  0.006002	  0.016471	
  0.048915	  0.026214	  0.914798	  0.010072	

MOTIF 3 5-GCVGCBGC-STREME-5

letter-probability matrix: alength= 4 w= 8 nsites= 254 E= 4.5e+000
  0.000648	  0.001481	  0.997224	  0.000648	
  0.000648	  0.997224	  0.001481	  0.000648	
  0.267841	  0.458307	  0.273205	  0.000648	
  0.000648	  0.185424	  0.813280	  0.000648	
  0.000648	  0.813280	  0.185424	  0.000648	
  0.000648	  0.273205	  0.458307	  0.267841	
  0.000648	  0.001481	  0.997224	  0.000648	
  0.000648	  0.997224	  0.001481	  0.000648	

MOTIF 4 GACGACGA-MEME-3

letter-probability matrix: alength= 4 w= 8 nsites= 94 E= 3.4e-024
  0.000000	  0.000000	  1.000000	  0.000000	
  1.000000	  0.000000	  0.000000	  0.000000	
  0.000000	  1.000000	  0.000000	  0.000000	
  0.000000	  0.000000	  0.936170	  0.063830	
  1.000000	  0.000000	  0.000000	  0.000000	
  0.000000	  0.702128	  0.212766	  0.085106	
  0.106383	  0.000000	  0.872340	  0.021277	
  1.000000	  0.000000	  0.000000	  0.000000	

MOTIF 5 CTSCTSCT-MEME-2

letter-probability matrix: alength= 4 w= 8 nsites= 142 E= 1.1e-023
  0.000000	  1.000000	  0.000000	  0.000000	
  0.000000	  0.000000	  0.000000	  1.000000	
  0.161972	  0.429577	  0.323944	  0.084507	
  0.000000	  1.000000	  0.000000	  0.000000	
  0.000000	  0.000000	  0.000000	  1.000000	
  0.176056	  0.373239	  0.401408	  0.049296	
  0.000000	  1.000000	  0.000000	  0.000000	
  0.000000	  0.000000	  0.000000	  1.000000	

MOTIF 6 2-AGGAGAAG-STREME-2

letter-probability matrix: alength= 4 w= 8 nsites= 214 E= 9.4e-004
  0.922927	  0.031618	  0.031618	  0.013836	
  0.013836	  0.031618	  0.940709	  0.013836	
  0.013836	  0.031618	  0.940709	  0.013836	
  0.922927	  0.031618	  0.031618	  0.013836	
  0.013836	  0.031618	  0.940709	  0.013836	
  0.922927	  0.031618	  0.031618	  0.013836	
  0.922927	  0.031618	  0.031618	  0.013836	
  0.013836	  0.031618	  0.940709	  0.013836	

