MEME version 5.5.5 (Thu Sep 14 08:48:04 2023 +1000)

ALPHABET= ACGT

strands: + -

Background letter frequencies (from file `meme_chip_maxw_8/EREB18_rep1/background'):
A 0.24060 C 0.25940 G 0.25940 T 0.24060 

MOTIF 1 CCGCCGCC-MEME-1

letter-probability matrix: alength= 4 w= 8 nsites= 278 E= 7.7e-114
  0.000000	  0.676259	  0.298561	  0.025180	
  0.000000	  1.000000	  0.000000	  0.000000	
  0.327338	  0.000000	  0.672662	  0.000000	
  0.000000	  1.000000	  0.000000	  0.000000	
  0.000000	  1.000000	  0.000000	  0.000000	
  0.000000	  0.000000	  1.000000	  0.000000	
  0.147482	  0.636691	  0.176259	  0.039568	
  0.000000	  1.000000	  0.000000	  0.000000	

MOTIF 2 2-CACCGCCC-STREME-2

letter-probability matrix: alength= 4 w= 8 nsites= 194 E= 1.3e+000
  0.000491	  0.925165	  0.000564	  0.073779	
  0.748652	  0.000564	  0.250292	  0.000491	
  0.000491	  0.998453	  0.000564	  0.000491	
  0.000491	  0.998453	  0.000564	  0.000491	
  0.078396	  0.000976	  0.920137	  0.000491	
  0.094758	  0.777503	  0.000564	  0.127175	
  0.000491	  0.998453	  0.000564	  0.000491	
  0.000491	  0.876458	  0.000564	  0.122487	

MOTIF 3 AAARRAAR-MEME-2

letter-probability matrix: alength= 4 w= 8 nsites= 166 E= 1.1e-050
  1.000000	  0.000000	  0.000000	  0.000000	
  1.000000	  0.000000	  0.000000	  0.000000	
  1.000000	  0.000000	  0.000000	  0.000000	
  0.265060	  0.000000	  0.524096	  0.210843	
  0.608434	  0.000000	  0.391566	  0.000000	
  1.000000	  0.000000	  0.000000	  0.000000	
  1.000000	  0.000000	  0.000000	  0.000000	
  0.608434	  0.000000	  0.391566	  0.000000	

MOTIF 4 CGGCCGGC-MEME-3

letter-probability matrix: alength= 4 w= 8 nsites= 124 E= 4.9e-007
  0.000000	  0.838710	  0.000000	  0.161290	
  0.000000	  0.000000	  1.000000	  0.000000	
  0.306452	  0.000000	  0.693548	  0.000000	
  0.225806	  0.774194	  0.000000	  0.000000	
  0.000000	  1.000000	  0.000000	  0.000000	
  0.000000	  0.000000	  1.000000	  0.000000	
  0.209677	  0.000000	  0.790323	  0.000000	
  0.000000	  1.000000	  0.000000	  0.000000	

