MEME version 5.5.5 (Thu Sep 14 08:48:04 2023 +1000)

ALPHABET= ACGT

strands: + -

Background letter frequencies (from file `meme_chip_maxw_8/EREB71_rep1/background'):
A 0.19850 C 0.30150 G 0.30150 T 0.19850 

MOTIF 1 CRCCGCCC-MEME-1

letter-probability matrix: alength= 4 w= 8 nsites= 698 E= 2.1e-092
  0.018625	  0.855301	  0.080229	  0.045845	
  0.339542	  0.025788	  0.634670	  0.000000	
  0.000000	  1.000000	  0.000000	  0.000000	
  0.000000	  1.000000	  0.000000	  0.000000	
  0.005731	  0.000000	  0.991404	  0.002865	
  0.167622	  0.518625	  0.176218	  0.137536	
  0.000000	  1.000000	  0.000000	  0.000000	
  0.128940	  0.727794	  0.127507	  0.015759	

MOTIF 2 2-GCCGGCC-STREME-2

letter-probability matrix: alength= 4 w= 7 nsites= 240 E= 2.4e-001
  0.017173	  0.028282	  0.937373	  0.017173	
  0.017173	  0.937373	  0.028282	  0.017173	
  0.017173	  0.937373	  0.028282	  0.017173	
  0.017173	  0.028282	  0.937373	  0.017173	
  0.017173	  0.028282	  0.937373	  0.017173	
  0.017173	  0.937373	  0.028282	  0.017173	
  0.017173	  0.937373	  0.028282	  0.017173	

MOTIF 3 1-CRCCGCCC-STREME-1

letter-probability matrix: alength= 4 w= 8 nsites= 354 E= 1.9e-003
  0.000233	  0.985968	  0.000384	  0.013415	
  0.368411	  0.070695	  0.555749	  0.005145	
  0.000233	  0.999150	  0.000384	  0.000233	
  0.016852	  0.982531	  0.000384	  0.000233	
  0.011642	  0.003882	  0.977831	  0.006646	
  0.093097	  0.744048	  0.000384	  0.162471	
  0.000233	  0.999150	  0.000384	  0.000233	
  0.106288	  0.873838	  0.000384	  0.019491	

MOTIF 4 AAADAAAA-MEME-2

letter-probability matrix: alength= 4 w= 8 nsites= 172 E= 3.6e-080
  1.000000	  0.000000	  0.000000	  0.000000	
  0.959302	  0.000000	  0.000000	  0.040698	
  1.000000	  0.000000	  0.000000	  0.000000	
  0.360465	  0.139535	  0.232558	  0.267442	
  0.563953	  0.145349	  0.209302	  0.081395	
  0.947674	  0.000000	  0.052326	  0.000000	
  1.000000	  0.000000	  0.000000	  0.000000	
  0.790698	  0.000000	  0.000000	  0.209302	

