MEME version 5.5.5 (Thu Sep 14 08:48:04 2023 +1000)

ALPHABET= ACGT

strands: + -

Background letter frequencies (from file `meme_chip_maxw_8/EREB209_rep1/background'):
A 0.15980 C 0.34020 G 0.34020 T 0.15980 

MOTIF 1 CGGCGGCG-MEME-1

letter-probability matrix: alength= 4 w= 8 nsites= 707 E= 3.1e-290
  0.057992	  0.792079	  0.031117	  0.118812	
  0.000000	  0.000000	  1.000000	  0.000000	
  0.154173	  0.000000	  0.811881	  0.033946	
  0.000000	  1.000000	  0.000000	  0.000000	
  0.000000	  0.000000	  1.000000	  0.000000	
  0.079208	  0.053748	  0.867044	  0.000000	
  0.000000	  1.000000	  0.000000	  0.000000	
  0.000000	  0.000000	  1.000000	  0.000000	

MOTIF 2 1-GGCGGCGG-STREME-1

letter-probability matrix: alength= 4 w= 8 nsites= 632 E= 4.0e-008
  0.000143	  0.000328	  0.999387	  0.000143	
  0.074983	  0.000328	  0.924547	  0.000143	
  0.000143	  0.996499	  0.003216	  0.000143	
  0.000143	  0.000328	  0.999387	  0.000143	
  0.000143	  0.047122	  0.952592	  0.000143	
  0.000143	  0.991819	  0.007896	  0.000143	
  0.000143	  0.000328	  0.999387	  0.000143	
  0.102460	  0.088905	  0.781802	  0.026833	

MOTIF 3 TGSTGSTG-MEME-3

letter-probability matrix: alength= 4 w= 8 nsites= 140 E= 1.7e-025
  0.242857	  0.000000	  0.000000	  0.757143	
  0.000000	  0.000000	  1.000000	  0.000000	
  0.000000	  0.471429	  0.528571	  0.000000	
  0.000000	  0.000000	  0.000000	  1.000000	
  0.000000	  0.000000	  1.000000	  0.000000	
  0.000000	  0.428571	  0.571429	  0.000000	
  0.014286	  0.000000	  0.000000	  0.985714	
  0.000000	  0.000000	  1.000000	  0.000000	

