MEME version 5.5.5 (Thu Sep 14 08:48:04 2023 +1000)

ALPHABET= ACGT

strands: + -

Background letter frequencies (from file `meme_chip_maxw_8/EREB102_rep1/background'):
A 0.19680 C 0.30320 G 0.30320 T 0.19680 

MOTIF 1 GCCGCCGC-MEME-2

letter-probability matrix: alength= 4 w= 8 nsites= 244 E= 3.6e-043
  0.000000	  0.180328	  0.819672	  0.000000	
  0.000000	  0.766393	  0.233607	  0.000000	
  0.000000	  1.000000	  0.000000	  0.000000	
  0.000000	  0.000000	  1.000000	  0.000000	
  0.000000	  0.831967	  0.000000	  0.168033	
  0.000000	  1.000000	  0.000000	  0.000000	
  0.000000	  0.000000	  1.000000	  0.000000	
  0.000000	  1.000000	  0.000000	  0.000000	

MOTIF 2 TTTTYTTT-MEME-1

letter-probability matrix: alength= 4 w= 8 nsites= 134 E= 8.1e-066
  0.000000	  0.000000	  0.000000	  1.000000	
  0.000000	  0.082090	  0.000000	  0.917910	
  0.000000	  0.067164	  0.216418	  0.716418	
  0.052239	  0.208955	  0.000000	  0.738806	
  0.000000	  0.417910	  0.037313	  0.544776	
  0.014925	  0.000000	  0.000000	  0.985075	
  0.000000	  0.000000	  0.000000	  1.000000	
  0.082090	  0.000000	  0.000000	  0.917910	

MOTIF 3 1-CGCCGCCG-STREME-1

letter-probability matrix: alength= 4 w= 8 nsites= 277 E= 1.7e-003
  0.000487	  0.916797	  0.000793	  0.081923	
  0.000487	  0.000793	  0.998234	  0.000487	
  0.000487	  0.934876	  0.000793	  0.063845	
  0.000487	  0.998234	  0.000793	  0.000487	
  0.000487	  0.174600	  0.824427	  0.000487	
  0.000487	  0.872331	  0.000793	  0.126390	
  0.071016	  0.802713	  0.000793	  0.125479	
  0.000487	  0.000793	  0.904028	  0.094693	

MOTIF 4 AAACCA-MEME-3

letter-probability matrix: alength= 4 w= 6 nsites= 125 E= 1.2e-020
  1.000000	  0.000000	  0.000000	  0.000000	
  1.000000	  0.000000	  0.000000	  0.000000	
  1.000000	  0.000000	  0.000000	  0.000000	
  0.000000	  1.000000	  0.000000	  0.000000	
  0.000000	  1.000000	  0.000000	  0.000000	
  1.000000	  0.000000	  0.000000	  0.000000	

MOTIF 5 2-MGCMCAC-STREME-2

letter-probability matrix: alength= 4 w= 7 nsites= 310 E= 3.0e-003
  0.602634	  0.396043	  0.000820	  0.000503	
  0.000503	  0.000820	  0.965930	  0.032746	
  0.000503	  0.894426	  0.000820	  0.104251	
  0.294490	  0.580553	  0.102980	  0.021977	
  0.000503	  0.998173	  0.000820	  0.000503	
  0.997857	  0.000820	  0.000820	  0.000503	
  0.187976	  0.810701	  0.000820	  0.000503	

