MEME version 5.5.5 (Thu Sep 14 08:48:04 2023 +1000)

ALPHABET= ACGT

strands: + -

Background letter frequencies (from file `meme_chip_maxw_8/EREB34_rep1/background'):
A 0.18810 C 0.31190 G 0.31190 T 0.18810 

MOTIF 1 CGGCCGGC-MEME-1

letter-probability matrix: alength= 4 w= 8 nsites= 252 E= 3.4e-061
  0.000000	  0.666667	  0.083333	  0.250000	
  0.000000	  0.000000	  1.000000	  0.000000	
  0.000000	  0.000000	  1.000000	  0.000000	
  0.000000	  0.674603	  0.325397	  0.000000	
  0.000000	  1.000000	  0.000000	  0.000000	
  0.000000	  0.000000	  1.000000	  0.000000	
  0.000000	  0.000000	  1.000000	  0.000000	
  0.000000	  1.000000	  0.000000	  0.000000	

MOTIF 2 1-YGGRCGGC-STREME-1

letter-probability matrix: alength= 4 w= 8 nsites= 464 E= 2.1e-002
  0.032396	  0.595984	  0.016908	  0.354711	
  0.000277	  0.000503	  0.998943	  0.000277	
  0.000277	  0.058772	  0.940674	  0.000277	
  0.263706	  0.168056	  0.478126	  0.090112	
  0.000277	  0.998943	  0.000503	  0.000277	
  0.000277	  0.000503	  0.998943	  0.000277	
  0.000277	  0.000503	  0.998943	  0.000277	
  0.000277	  0.826974	  0.084015	  0.088734	

MOTIF 3 AWAWAMAW-MEME-2

letter-probability matrix: alength= 4 w= 8 nsites= 65 E= 2.5e-009
  1.000000	  0.000000	  0.000000	  0.000000	
  0.553846	  0.000000	  0.000000	  0.446154	
  1.000000	  0.000000	  0.000000	  0.000000	
  0.369231	  0.000000	  0.000000	  0.630769	
  0.723077	  0.000000	  0.000000	  0.276923	
  0.553846	  0.276923	  0.000000	  0.169231	
  1.000000	  0.000000	  0.000000	  0.000000	
  0.630769	  0.000000	  0.000000	  0.369231	

MOTIF 4 TCGYCGTC-MEME-3

letter-probability matrix: alength= 4 w= 8 nsites= 89 E= 1.2e-004
  0.000000	  0.000000	  0.000000	  1.000000	
  0.000000	  1.000000	  0.000000	  0.000000	
  0.000000	  0.157303	  0.842697	  0.000000	
  0.000000	  0.573034	  0.000000	  0.426966	
  0.000000	  0.820225	  0.000000	  0.179775	
  0.011236	  0.000000	  0.988764	  0.000000	
  0.000000	  0.000000	  0.000000	  1.000000	
  0.000000	  1.000000	  0.000000	  0.000000	

