MEME version 5.5.5 (Thu Sep 14 08:48:04 2023 +1000)

ALPHABET= ACGT

strands: + -

Background letter frequencies (from file `meme_chip_maxw_8/EREB211_rep1/background'):
A 0.20540 C 0.29460 G 0.29460 T 0.20540 

MOTIF 1 GCCGCCGC-MEME-1

letter-probability matrix: alength= 4 w= 8 nsites= 335 E= 6.5e-082
  0.000000	  0.110448	  0.889552	  0.000000	
  0.000000	  0.716418	  0.247761	  0.035821	
  0.083582	  0.916418	  0.000000	  0.000000	
  0.000000	  0.000000	  1.000000	  0.000000	
  0.000000	  0.856716	  0.000000	  0.143284	
  0.000000	  1.000000	  0.000000	  0.000000	
  0.000000	  0.000000	  1.000000	  0.000000	
  0.000000	  0.925373	  0.000000	  0.074627	

MOTIF 2 AAADAAAA-MEME-2

letter-probability matrix: alength= 4 w= 8 nsites= 146 E= 1.3e-068
  1.000000	  0.000000	  0.000000	  0.000000	
  1.000000	  0.000000	  0.000000	  0.000000	
  1.000000	  0.000000	  0.000000	  0.000000	
  0.390411	  0.109589	  0.301370	  0.198630	
  0.623288	  0.000000	  0.205479	  0.171233	
  0.684932	  0.000000	  0.315068	  0.000000	
  1.000000	  0.000000	  0.000000	  0.000000	
  1.000000	  0.000000	  0.000000	  0.000000	

MOTIF 3 1-CGGCGCCG-STREME-1

letter-probability matrix: alength= 4 w= 8 nsites= 296 E= 1.0e-001
  0.000493	  0.945144	  0.053871	  0.000493	
  0.000493	  0.052834	  0.924122	  0.022552	
  0.000493	  0.089982	  0.830526	  0.078999	
  0.000493	  0.984140	  0.014875	  0.000493	
  0.000493	  0.014875	  0.984140	  0.000493	
  0.078999	  0.830526	  0.089982	  0.000493	
  0.022552	  0.924122	  0.052834	  0.000493	
  0.000493	  0.053871	  0.945144	  0.000493	

