MEME version 5.5.5 (Thu Sep 14 08:48:04 2023 +1000)

ALPHABET= ACGT

strands: + -

Background letter frequencies (from file `meme_chip_maxw_8/ZmRap27_rep1/background'):
A 0.22930 C 0.27070 G 0.27070 T 0.22930 

MOTIF 1 CGTACGTR-MEME-1

letter-probability matrix: alength= 4 w= 8 nsites= 136 E= 6.9e-079
  0.000000	  1.000000	  0.000000	  0.000000	
  0.000000	  0.000000	  1.000000	  0.000000	
  0.000000	  0.000000	  0.000000	  1.000000	
  1.000000	  0.000000	  0.000000	  0.000000	
  0.000000	  1.000000	  0.000000	  0.000000	
  0.000000	  0.000000	  1.000000	  0.000000	
  0.000000	  0.000000	  0.000000	  1.000000	
  0.477941	  0.110294	  0.257353	  0.154412	

MOTIF 2 1-ACGTACGT-STREME-1

letter-probability matrix: alength= 4 w= 8 nsites= 161 E= 8.7e-004
  0.675805	  0.199984	  0.046006	  0.078205	
  0.007793	  0.976584	  0.010993	  0.004631	
  0.005162	  0.170531	  0.776503	  0.047804	
  0.007201	  0.049942	  0.001058	  0.941799	
  0.941799	  0.001058	  0.049942	  0.007201	
  0.047804	  0.776503	  0.170531	  0.005162	
  0.004631	  0.010993	  0.976584	  0.007793	
  0.078205	  0.046006	  0.199984	  0.675805	

MOTIF 3 TAGTAGTA-MEME-2

letter-probability matrix: alength= 4 w= 8 nsites= 104 E= 3.4e-018
  0.000000	  0.000000	  0.000000	  1.000000	
  1.000000	  0.000000	  0.000000	  0.000000	
  0.028846	  0.019231	  0.913462	  0.038462	
  0.000000	  0.000000	  0.134615	  0.865385	
  0.990385	  0.000000	  0.000000	  0.009615	
  0.000000	  0.115385	  0.701923	  0.182692	
  0.067308	  0.086538	  0.000000	  0.846154	
  1.000000	  0.000000	  0.000000	  0.000000	

MOTIF 4 TTGGATTT-MEME-3

letter-probability matrix: alength= 4 w= 8 nsites= 33 E= 4.6e-011
  0.000000	  0.000000	  0.000000	  1.000000	
  0.000000	  0.000000	  0.000000	  1.000000	
  0.000000	  0.000000	  1.000000	  0.000000	
  0.000000	  0.000000	  1.000000	  0.000000	
  1.000000	  0.000000	  0.000000	  0.000000	
  0.000000	  0.000000	  0.000000	  1.000000	
  0.000000	  0.000000	  0.000000	  1.000000	
  0.000000	  0.000000	  0.000000	  1.000000	

