MEME version 5.5.5 (Thu Sep 14 08:48:04 2023 +1000)

ALPHABET= ACGT

strands: + -

Background letter frequencies (from file `meme_chip_maxw_8/ZmRap27_rep2/background'):
A 0.22940 C 0.27060 G 0.27060 T 0.22940 

MOTIF 1 TCGTCGTC-MEME-3

letter-probability matrix: alength= 4 w= 8 nsites= 162 E= 1.4e-030
  0.129630	  0.074074	  0.000000	  0.796296	
  0.000000	  1.000000	  0.000000	  0.000000	
  0.141975	  0.049383	  0.808642	  0.000000	
  0.000000	  0.000000	  0.000000	  1.000000	
  0.000000	  0.950617	  0.000000	  0.049383	
  0.000000	  0.030864	  0.969136	  0.000000	
  0.185185	  0.000000	  0.000000	  0.814815	
  0.000000	  0.944444	  0.000000	  0.055556	

MOTIF 2 TACGTACG-MEME-1

letter-probability matrix: alength= 4 w= 8 nsites= 112 E= 1.1e-050
  0.125000	  0.232143	  0.142857	  0.500000	
  1.000000	  0.000000	  0.000000	  0.000000	
  0.000000	  1.000000	  0.000000	  0.000000	
  0.000000	  0.008929	  0.991071	  0.000000	
  0.000000	  0.000000	  0.000000	  1.000000	
  1.000000	  0.000000	  0.000000	  0.000000	
  0.000000	  1.000000	  0.000000	  0.000000	
  0.000000	  0.000000	  1.000000	  0.000000	

MOTIF 3 4-GACGACGA-STREME-4

letter-probability matrix: alength= 4 w= 8 nsites= 199 E= 8.8e-001
  0.014641	  0.004991	  0.973670	  0.006698	
  0.930718	  0.005862	  0.028946	  0.034473	
  0.099529	  0.748274	  0.122471	  0.029727	
  0.085923	  0.167165	  0.732307	  0.014605	
  0.912806	  0.026357	  0.032844	  0.027992	
  0.202623	  0.577386	  0.158279	  0.061713	
  0.031363	  0.021816	  0.944685	  0.002137	
  0.961235	  0.005962	  0.019667	  0.013136	

MOTIF 4 TACTACTA-MEME-2

letter-probability matrix: alength= 4 w= 8 nsites= 149 E= 2.6e-012
  0.000000	  0.000000	  0.000000	  1.000000	
  0.932886	  0.020134	  0.046980	  0.000000	
  0.087248	  0.758389	  0.154362	  0.000000	
  0.000000	  0.000000	  0.000000	  1.000000	
  0.785235	  0.214765	  0.000000	  0.000000	
  0.000000	  0.892617	  0.080537	  0.026846	
  0.000000	  0.067114	  0.000000	  0.932886	
  0.785235	  0.040268	  0.174497	  0.000000	

